RECORRIDO INICIAL
	RECORRIDO: 53 50 32 63 29 22 25 49 3 54 33 26 15 56 20 19 23 30 16 60 95 21 86 10 83 87 52 61 88 17 27 77 12 91 85 41 93 58 84 28 80 24 8 31 99 66 90 67 59 97 89 92 94 51 34 96 35 98 81 75 68 62 57 39 1 36 69 37 38 40 18 55 2 64 42 43 44 4 5 65 6 7 70 71 45 72 73 14 46 9 47 48 74 82 76 78 11 79 13 
	COSTE (km): 47938

ITERACION: 1
	INTERCAMBIO: (73, 57)
	RECORRIDO: 53 50 32 63 29 22 25 49 3 54 33 26 15 56 20 19 23 30 16 60 95 21 86 10 83 87 52 61 88 17 27 77 12 91 85 41 93 58 84 28 80 24 8 31 99 66 90 67 59 97 89 92 94 51 34 96 35 64 81 75 68 62 57 39 1 36 69 37 38 40 18 55 2 98 42 43 44 4 5 65 6 7 70 71 45 72 73 14 46 9 47 48 74 82 76 78 11 79 13 
	COSTE (km): 45073
	ITERACIONES SIN MEJORA: 0
	LISTA TABU:
	73 57

ITERACION: 2
	INTERCAMBIO: (48, 32)
	RECORRIDO: 53 50 32 63 29 22 25 49 3 54 33 26 15 56 20 19 23 30 16 60 95 21 86 10 83 87 52 61 88 17 27 77 59 91 85 41 93 58 84 28 80 24 8 31 99 66 90 67 12 97 89 92 94 51 34 96 35 64 81 75 68 62 57 39 1 36 69 37 38 40 18 55 2 98 42 43 44 4 5 65 6 7 70 71 45 72 73 14 46 9 47 48 74 82 76 78 11 79 13 
	COSTE (km): 42450
	ITERACIONES SIN MEJORA: 0
	LISTA TABU:
	73 57
	48 32

ITERACION: 3
	INTERCAMBIO: (81, 1)
	RECORRIDO: 53 7 32 63 29 22 25 49 3 54 33 26 15 56 20 19 23 30 16 60 95 21 86 10 83 87 52 61 88 17 27 77 59 91 85 41 93 58 84 28 80 24 8 31 99 66 90 67 12 97 89 92 94 51 34 96 35 64 81 75 68 62 57 39 1 36 69 37 38 40 18 55 2 98 42 43 44 4 5 65 6 50 70 71 45 72 73 14 46 9 47 48 74 82 76 78 11 79 13 
	COSTE (km): 40294
	ITERACIONES SIN MEJORA: 0
	LISTA TABU:
	73 57
	48 32
	81 1

ITERACION: 4
	INTERCAMBIO: (27, 17)
	RECORRIDO: 53 7 32 63 29 22 25 49 3 54 33 26 15 56 20 19 23 61 16 60 95 21 86 10 83 87 52 30 88 17 27 77 59 91 85 41 93 58 84 28 80 24 8 31 99 66 90 67 12 97 89 92 94 51 34 96 35 64 81 75 68 62 57 39 1 36 69 37 38 40 18 55 2 98 42 43 44 4 5 65 6 50 70 71 45 72 73 14 46 9 47 48 74 82 76 78 11 79 13 
	COSTE (km): 38364
	ITERACIONES SIN MEJORA: 0
	LISTA TABU:
	73 57
	48 32
	81 1
	27 17

ITERACION: 5
	INTERCAMBIO: (60, 49)
	RECORRIDO: 53 7 32 63 29 22 25 49 3 54 33 26 15 56 20 19 23 61 16 60 95 21 86 10 83 87 52 30 88 17 27 77 59 91 85 41 93 58 84 28 80 24 8 31 99 66 90 67 12 68 89 92 94 51 34 96 35 64 81 75 97 62 57 39 1 36 69 37 38 40 18 55 2 98 42 43 44 4 5 65 6 50 70 71 45 72 73 14 46 9 47 48 74 82 76 78 11 79 13 
	COSTE (km): 36632
	ITERACIONES SIN MEJORA: 0
	LISTA TABU:
	73 57
	48 32
	81 1
	27 17
	60 49

ITERACION: 6
	INTERCAMBIO: (34, 19)
	RECORRIDO: 53 7 32 63 29 22 25 49 3 54 33 26 15 56 20 19 23 61 16 85 95 21 86 10 83 87 52 30 88 17 27 77 59 91 60 41 93 58 84 28 80 24 8 31 99 66 90 67 12 68 89 92 94 51 34 96 35 64 81 75 97 62 57 39 1 36 69 37 38 40 18 55 2 98 42 43 44 4 5 65 6 50 70 71 45 72 73 14 46 9 47 48 74 82 76 78 11 79 13 
	COSTE (km): 34929
	ITERACIONES SIN MEJORA: 0
	LISTA TABU:
	73 57
	48 32
	81 1
	27 17
	60 49
	34 19

ITERACION: 7
	INTERCAMBIO: (76, 64)
	RECORRIDO: 53 7 32 63 29 22 25 49 3 54 33 26 15 56 20 19 23 61 16 85 95 21 86 10 83 87 52 30 88 17 27 77 59 91 60 41 93 58 84 28 80 24 8 31 99 66 90 67 12 68 89 92 94 51 34 96 35 64 81 75 97 62 57 39 44 36 69 37 38 40 18 55 2 98 42 43 1 4 5 65 6 50 70 71 45 72 73 14 46 9 47 48 74 82 76 78 11 79 13 
	COSTE (km): 33278
	ITERACIONES SIN MEJORA: 0
	LISTA TABU:
	73 57
	48 32
	81 1
	27 17
	60 49
	34 19
	76 64

ITERACION: 8
	INTERCAMBIO: (90, 12)
	RECORRIDO: 53 7 32 63 29 22 25 49 3 54 33 26 47 56 20 19 23 61 16 85 95 21 86 10 83 87 52 30 88 17 27 77 59 91 60 41 93 58 84 28 80 24 8 31 99 66 90 67 12 68 89 92 94 51 34 96 35 64 81 75 97 62 57 39 44 36 69 37 38 40 18 55 2 98 42 43 1 4 5 65 6 50 70 71 45 72 73 14 46 9 15 48 74 82 76 78 11 79 13 
	COSTE (km): 31644
	ITERACIONES SIN MEJORA: 0
	LISTA TABU:
	73 57
	48 32
	81 1
	27 17
	60 49
	34 19
	76 64
	90 12

ITERACION: 9
	INTERCAMBIO: (42, 0)
	RECORRIDO: 8 7 32 63 29 22 25 49 3 54 33 26 47 56 20 19 23 61 16 85 95 21 86 10 83 87 52 30 88 17 27 77 59 91 60 41 93 58 84 28 80 24 53 31 99 66 90 67 12 68 89 92 94 51 34 96 35 64 81 75 97 62 57 39 44 36 69 37 38 40 18 55 2 98 42 43 1 4 5 65 6 50 70 71 45 72 73 14 46 9 15 48 74 82 76 78 11 79 13 
	COSTE (km): 30030
	ITERACIONES SIN MEJORA: 0
	LISTA TABU:
	73 57
	48 32
	81 1
	27 17
	60 49
	34 19
	76 64
	90 12
	42 0

ITERACION: 10
	INTERCAMBIO: (83, 3)
	RECORRIDO: 8 7 32 71 29 22 25 49 3 54 33 26 47 56 20 19 23 61 16 85 95 21 86 10 83 87 52 30 88 17 27 77 59 91 60 41 93 58 84 28 80 24 53 31 99 66 90 67 12 68 89 92 94 51 34 96 35 64 81 75 97 62 57 39 44 36 69 37 38 40 18 55 2 98 42 43 1 4 5 65 6 50 70 63 45 72 73 14 46 9 15 48 74 82 76 78 11 79 13 
	COSTE (km): 28540
	ITERACIONES SIN MEJORA: 0
	LISTA TABU:
	73 57
	48 32
	81 1
	27 17
	60 49
	34 19
	76 64
	90 12
	42 0
	83 3

ITERACION: 11
	INTERCAMBIO: (15, 6)
	RECORRIDO: 8 7 32 71 29 22 19 49 3 54 33 26 47 56 20 25 23 61 16 85 95 21 86 10 83 87 52 30 88 17 27 77 59 91 60 41 93 58 84 28 80 24 53 31 99 66 90 67 12 68 89 92 94 51 34 96 35 64 81 75 97 62 57 39 44 36 69 37 38 40 18 55 2 98 42 43 1 4 5 65 6 50 70 63 45 72 73 14 46 9 15 48 74 82 76 78 11 79 13 
	COSTE (km): 27051
	ITERACIONES SIN MEJORA: 0
	LISTA TABU:
	73 57
	48 32
	81 1
	27 17
	60 49
	34 19
	76 64
	90 12
	42 0
	83 3
	15 6

ITERACION: 12
	INTERCAMBIO: (98, 5)
	RECORRIDO: 8 7 32 71 29 13 19 49 3 54 33 26 47 56 20 25 23 61 16 85 95 21 86 10 83 87 52 30 88 17 27 77 59 91 60 41 93 58 84 28 80 24 53 31 99 66 90 67 12 68 89 92 94 51 34 96 35 64 81 75 97 62 57 39 44 36 69 37 38 40 18 55 2 98 42 43 1 4 5 65 6 50 70 63 45 72 73 14 46 9 15 48 74 82 76 78 11 79 22 
	COSTE (km): 25853
	ITERACIONES SIN MEJORA: 0
	LISTA TABU:
	73 57
	48 32
	81 1
	27 17
	60 49
	34 19
	76 64
	90 12
	42 0
	83 3
	15 6
	98 5

ITERACION: 13
	INTERCAMBIO: (71, 21)
	RECORRIDO: 8 7 32 71 29 13 19 49 3 54 33 26 47 56 20 25 23 61 16 85 95 55 86 10 83 87 52 30 88 17 27 77 59 91 60 41 93 58 84 28 80 24 53 31 99 66 90 67 12 68 89 92 94 51 34 96 35 64 81 75 97 62 57 39 44 36 69 37 38 40 18 21 2 98 42 43 1 4 5 65 6 50 70 63 45 72 73 14 46 9 15 48 74 82 76 78 11 79 22 
	COSTE (km): 24676
	ITERACIONES SIN MEJORA: 0
	LISTA TABU:
	73 57
	48 32
	81 1
	27 17
	60 49
	34 19
	76 64
	90 12
	42 0
	83 3
	15 6
	98 5
	71 21

ITERACION: 14
	INTERCAMBIO: (17, 9)
	RECORRIDO: 8 7 32 71 29 13 19 49 3 61 33 26 47 56 20 25 23 54 16 85 95 55 86 10 83 87 52 30 88 17 27 77 59 91 60 41 93 58 84 28 80 24 53 31 99 66 90 67 12 68 89 92 94 51 34 96 35 64 81 75 97 62 57 39 44 36 69 37 38 40 18 21 2 98 42 43 1 4 5 65 6 50 70 63 45 72 73 14 46 9 15 48 74 82 76 78 11 79 22 
	COSTE (km): 23632
	ITERACIONES SIN MEJORA: 0
	LISTA TABU:
	73 57
	48 32
	81 1
	27 17
	60 49
	34 19
	76 64
	90 12
	42 0
	83 3
	15 6
	98 5
	71 21
	17 9

ITERACION: 15
	INTERCAMBIO: (75, 26)
	RECORRIDO: 8 7 32 71 29 13 19 49 3 61 33 26 47 56 20 25 23 54 16 85 95 55 86 10 83 87 43 30 88 17 27 77 59 91 60 41 93 58 84 28 80 24 53 31 99 66 90 67 12 68 89 92 94 51 34 96 35 64 81 75 97 62 57 39 44 36 69 37 38 40 18 21 2 98 42 52 1 4 5 65 6 50 70 63 45 72 73 14 46 9 15 48 74 82 76 78 11 79 22 
	COSTE (km): 22634
	ITERACIONES SIN MEJORA: 0
	LISTA TABU:
	73 57
	48 32
	81 1
	27 17
	60 49
	34 19
	76 64
	90 12
	42 0
	83 3
	15 6
	98 5
	71 21
	17 9
	75 26

ITERACION: 16
	INTERCAMBIO: (93, 28)
	RECORRIDO: 8 7 32 71 29 13 19 49 3 61 33 26 47 56 20 25 23 54 16 85 95 55 86 10 83 87 43 30 82 17 27 77 59 91 60 41 93 58 84 28 80 24 53 31 99 66 90 67 12 68 89 92 94 51 34 96 35 64 81 75 97 62 57 39 44 36 69 37 38 40 18 21 2 98 42 52 1 4 5 65 6 50 70 63 45 72 73 14 46 9 15 48 74 88 76 78 11 79 22 
	COSTE (km): 21670
	ITERACIONES SIN MEJORA: 0
	LISTA TABU:
	73 57
	48 32
	81 1
	27 17
	60 49
	34 19
	76 64
	90 12
	42 0
	83 3
	15 6
	98 5
	71 21
	17 9
	75 26
	93 28

ITERACION: 17
	INTERCAMBIO: (94, 36)
	RECORRIDO: 8 7 32 71 29 13 19 49 3 61 33 26 47 56 20 25 23 54 16 85 95 55 86 10 83 87 43 30 82 17 27 77 59 91 60 41 76 58 84 28 80 24 53 31 99 66 90 67 12 68 89 92 94 51 34 96 35 64 81 75 97 62 57 39 44 36 69 37 38 40 18 21 2 98 42 52 1 4 5 65 6 50 70 63 45 72 73 14 46 9 15 48 74 88 93 78 11 79 22 
	COSTE (km): 20670
	ITERACIONES SIN MEJORA: 0
	LISTA TABU:
	73 57
	48 32
	81 1
	27 17
	60 49
	34 19
	76 64
	90 12
	42 0
	83 3
	15 6
	98 5
	71 21
	17 9
	75 26
	93 28
	94 36

ITERACION: 18
	INTERCAMBIO: (53, 5)
	RECORRIDO: 8 7 32 71 29 51 19 49 3 61 33 26 47 56 20 25 23 54 16 85 95 55 86 10 83 87 43 30 82 17 27 77 59 91 60 41 76 58 84 28 80 24 53 31 99 66 90 67 12 68 89 92 94 13 34 96 35 64 81 75 97 62 57 39 44 36 69 37 38 40 18 21 2 98 42 52 1 4 5 65 6 50 70 63 45 72 73 14 46 9 15 48 74 88 93 78 11 79 22 
	COSTE (km): 19713
	ITERACIONES SIN MEJORA: 0
	LISTA TABU:
	73 57
	48 32
	81 1
	27 17
	60 49
	34 19
	76 64
	90 12
	42 0
	83 3
	15 6
	98 5
	71 21
	17 9
	75 26
	93 28
	94 36
	53 5

ITERACION: 19
	INTERCAMBIO: (77, 50)
	RECORRIDO: 8 7 32 71 29 51 19 49 3 61 33 26 47 56 20 25 23 54 16 85 95 55 86 10 83 87 43 30 82 17 27 77 59 91 60 41 76 58 84 28 80 24 53 31 99 66 90 67 12 68 4 92 94 13 34 96 35 64 81 75 97 62 57 39 44 36 69 37 38 40 18 21 2 98 42 52 1 89 5 65 6 50 70 63 45 72 73 14 46 9 15 48 74 88 93 78 11 79 22 
	COSTE (km): 18789
	ITERACIONES SIN MEJORA: 0
	LISTA TABU:
	73 57
	48 32
	81 1
	27 17
	60 49
	34 19
	76 64
	90 12
	42 0
	83 3
	15 6
	98 5
	71 21
	17 9
	75 26
	93 28
	94 36
	53 5
	77 50

ITERACION: 20
	INTERCAMBIO: (66, 13)
	RECORRIDO: 8 7 32 71 29 51 19 49 3 61 33 26 47 69 20 25 23 54 16 85 95 55 86 10 83 87 43 30 82 17 27 77 59 91 60 41 76 58 84 28 80 24 53 31 99 66 90 67 12 68 4 92 94 13 34 96 35 64 81 75 97 62 57 39 44 36 56 37 38 40 18 21 2 98 42 52 1 89 5 65 6 50 70 63 45 72 73 14 46 9 15 48 74 88 93 78 11 79 22 
	COSTE (km): 17913
	ITERACIONES SIN MEJORA: 0
	LISTA TABU:
	73 57
	48 32
	81 1
	27 17
	60 49
	34 19
	76 64
	90 12
	42 0
	83 3
	15 6
	98 5
	71 21
	17 9
	75 26
	93 28
	94 36
	53 5
	77 50
	66 13

ITERACION: 21
	INTERCAMBIO: (51, 39)
	RECORRIDO: 8 7 32 71 29 51 19 49 3 61 33 26 47 69 20 25 23 54 16 85 95 55 86 10 83 87 43 30 82 17 27 77 59 91 60 41 76 58 84 92 80 24 53 31 99 66 90 67 12 68 4 28 94 13 34 96 35 64 81 75 97 62 57 39 44 36 56 37 38 40 18 21 2 98 42 52 1 89 5 65 6 50 70 63 45 72 73 14 46 9 15 48 74 88 93 78 11 79 22 
	COSTE (km): 17247
	ITERACIONES SIN MEJORA: 0
	LISTA TABU:
	73 57
	48 32
	81 1
	27 17
	60 49
	34 19
	76 64
	90 12
	42 0
	83 3
	15 6
	98 5
	71 21
	17 9
	75 26
	93 28
	94 36
	53 5
	77 50
	66 13
	51 39

ITERACION: 22
	INTERCAMBIO: (76, 55)
	RECORRIDO: 8 7 32 71 29 51 19 49 3 61 33 26 47 69 20 25 23 54 16 85 95 55 86 10 83 87 43 30 82 17 27 77 59 91 60 41 76 58 84 92 80 24 53 31 99 66 90 67 12 68 4 28 94 13 34 1 35 64 81 75 97 62 57 39 44 36 56 37 38 40 18 21 2 98 42 52 96 89 5 65 6 50 70 63 45 72 73 14 46 9 15 48 74 88 93 78 11 79 22 
	COSTE (km): 16617
	ITERACIONES SIN MEJORA: 0
	LISTA TABU:
	73 57
	48 32
	81 1
	27 17
	60 49
	34 19
	76 64
	90 12
	42 0
	83 3
	15 6
	98 5
	71 21
	17 9
	75 26
	93 28
	94 36
	53 5
	77 50
	66 13
	51 39
	76 55

ITERACION: 23
	INTERCAMBIO: (87, 82)
	RECORRIDO: 8 7 32 71 29 51 19 49 3 61 33 26 47 69 20 25 23 54 16 85 95 55 86 10 83 87 43 30 82 17 27 77 59 91 60 41 76 58 84 92 80 24 53 31 99 66 90 67 12 68 4 28 94 13 34 1 35 64 81 75 97 62 57 39 44 36 56 37 38 40 18 21 2 98 42 52 96 89 5 65 6 50 14 63 45 72 73 70 46 9 15 48 74 88 93 78 11 79 22 
	COSTE (km): 16085
	ITERACIONES SIN MEJORA: 0
	LISTA TABU:
	73 57
	48 32
	81 1
	27 17
	60 49
	34 19
	76 64
	90 12
	42 0
	83 3
	15 6
	98 5
	71 21
	17 9
	75 26
	93 28
	94 36
	53 5
	77 50
	66 13
	51 39
	76 55
	87 82

ITERACION: 24
	INTERCAMBIO: (68, 21)
	RECORRIDO: 8 7 32 71 29 51 19 49 3 61 33 26 47 69 20 25 23 54 16 85 95 38 86 10 83 87 43 30 82 17 27 77 59 91 60 41 76 58 84 92 80 24 53 31 99 66 90 67 12 68 4 28 94 13 34 1 35 64 81 75 97 62 57 39 44 36 56 37 55 40 18 21 2 98 42 52 96 89 5 65 6 50 14 63 45 72 73 70 46 9 15 48 74 88 93 78 11 79 22 
	COSTE (km): 15622
	ITERACIONES SIN MEJORA: 0
	LISTA TABU:
	73 57
	48 32
	81 1
	27 17
	60 49
	34 19
	76 64
	90 12
	42 0
	83 3
	15 6
	98 5
	71 21
	17 9
	75 26
	93 28
	94 36
	53 5
	77 50
	66 13
	51 39
	76 55
	87 82
	68 21

ITERACION: 25
	INTERCAMBIO: (49, 41)
	RECORRIDO: 8 7 32 71 29 51 19 49 3 61 33 26 47 69 20 25 23 54 16 85 95 38 86 10 83 87 43 30 82 17 27 77 59 91 60 41 76 58 84 92 80 68 53 31 99 66 90 67 12 24 4 28 94 13 34 1 35 64 81 75 97 62 57 39 44 36 56 37 55 40 18 21 2 98 42 52 96 89 5 65 6 50 14 63 45 72 73 70 46 9 15 48 74 88 93 78 11 79 22 
	COSTE (km): 15171
	ITERACIONES SIN MEJORA: 0
	LISTA TABU:
	73 57
	48 32
	81 1
	27 17
	60 49
	34 19
	76 64
	90 12
	42 0
	83 3
	15 6
	98 5
	71 21
	17 9
	75 26
	93 28
	94 36
	53 5
	77 50
	66 13
	51 39
	76 55
	87 82
	68 21
	49 41

ITERACION: 26
	INTERCAMBIO: (95, 53)
	RECORRIDO: 8 7 32 71 29 51 19 49 3 61 33 26 47 69 20 25 23 54 16 85 95 38 86 10 83 87 43 30 82 17 27 77 59 91 60 41 76 58 84 92 80 68 53 31 99 66 90 67 12 24 4 28 94 78 34 1 35 64 81 75 97 62 57 39 44 36 56 37 55 40 18 21 2 98 42 52 96 89 5 65 6 50 14 63 45 72 73 70 46 9 15 48 74 88 93 13 11 79 22 
	COSTE (km): 14731
	ITERACIONES SIN MEJORA: 0
	LISTA TABU:
	73 57
	48 32
	81 1
	27 17
	60 49
	34 19
	76 64
	90 12
	42 0
	83 3
	15 6
	98 5
	71 21
	17 9
	75 26
	93 28
	94 36
	53 5
	77 50
	66 13
	51 39
	76 55
	87 82
	68 21
	49 41
	95 53

ITERACION: 27
	INTERCAMBIO: (96, 52)
	RECORRIDO: 8 7 32 71 29 51 19 49 3 61 33 26 47 69 20 25 23 54 16 85 95 38 86 10 83 87 43 30 82 17 27 77 59 91 60 41 76 58 84 92 80 68 53 31 99 66 90 67 12 24 4 28 11 78 34 1 35 64 81 75 97 62 57 39 44 36 56 37 55 40 18 21 2 98 42 52 96 89 5 65 6 50 14 63 45 72 73 70 46 9 15 48 74 88 93 13 94 79 22 
	COSTE (km): 14077
	ITERACIONES SIN MEJORA: 0
	LISTA TABU:
	73 57
	48 32
	81 1
	27 17
	60 49
	34 19
	76 64
	90 12
	42 0
	83 3
	15 6
	98 5
	71 21
	17 9
	75 26
	93 28
	94 36
	53 5
	77 50
	66 13
	51 39
	76 55
	87 82
	68 21
	49 41
	95 53
	96 52

ITERACION: 28
	INTERCAMBIO: (83, 33)
	RECORRIDO: 8 7 32 71 29 51 19 49 3 61 33 26 47 69 20 25 23 54 16 85 95 38 86 10 83 87 43 30 82 17 27 77 59 63 60 41 76 58 84 92 80 68 53 31 99 66 90 67 12 24 4 28 11 78 34 1 35 64 81 75 97 62 57 39 44 36 56 37 55 40 18 21 2 98 42 52 96 89 5 65 6 50 14 91 45 72 73 70 46 9 15 48 74 88 93 13 94 79 22 
	COSTE (km): 13708
	ITERACIONES SIN MEJORA: 0
	LISTA TABU:
	73 57
	48 32
	81 1
	27 17
	60 49
	34 19
	76 64
	90 12
	42 0
	83 3
	15 6
	98 5
	71 21
	17 9
	75 26
	93 28
	94 36
	53 5
	77 50
	66 13
	51 39
	76 55
	87 82
	68 21
	49 41
	95 53
	96 52
	83 33

ITERACION: 29
	INTERCAMBIO: (24, 23)
	RECORRIDO: 8 7 32 71 29 51 19 49 3 61 33 26 47 69 20 25 23 54 16 85 95 38 86 83 10 87 43 30 82 17 27 77 59 63 60 41 76 58 84 92 80 68 53 31 99 66 90 67 12 24 4 28 11 78 34 1 35 64 81 75 97 62 57 39 44 36 56 37 55 40 18 21 2 98 42 52 96 89 5 65 6 50 14 91 45 72 73 70 46 9 15 48 74 88 93 13 94 79 22 
	COSTE (km): 13368
	ITERACIONES SIN MEJORA: 0
	LISTA TABU:
	73 57
	48 32
	81 1
	27 17
	60 49
	34 19
	76 64
	90 12
	42 0
	83 3
	15 6
	98 5
	71 21
	17 9
	75 26
	93 28
	94 36
	53 5
	77 50
	66 13
	51 39
	76 55
	87 82
	68 21
	49 41
	95 53
	96 52
	83 33
	24 23

ITERACION: 30
	INTERCAMBIO: (63, 13)
	RECORRIDO: 8 7 32 71 29 51 19 49 3 61 33 26 47 39 20 25 23 54 16 85 95 38 86 83 10 87 43 30 82 17 27 77 59 63 60 41 76 58 84 92 80 68 53 31 99 66 90 67 12 24 4 28 11 78 34 1 35 64 81 75 97 62 57 69 44 36 56 37 55 40 18 21 2 98 42 52 96 89 5 65 6 50 14 91 45 72 73 70 46 9 15 48 74 88 93 13 94 79 22 
	COSTE (km): 13033
	ITERACIONES SIN MEJORA: 0
	LISTA TABU:
	73 57
	48 32
	81 1
	27 17
	60 49
	34 19
	76 64
	90 12
	42 0
	83 3
	15 6
	98 5
	71 21
	17 9
	75 26
	93 28
	94 36
	53 5
	77 50
	66 13
	51 39
	76 55
	87 82
	68 21
	49 41
	95 53
	96 52
	83 33
	24 23
	63 13

ITERACION: 31
	INTERCAMBIO: (37, 0)
	RECORRIDO: 58 7 32 71 29 51 19 49 3 61 33 26 47 39 20 25 23 54 16 85 95 38 86 83 10 87 43 30 82 17 27 77 59 63 60 41 76 8 84 92 80 68 53 31 99 66 90 67 12 24 4 28 11 78 34 1 35 64 81 75 97 62 57 69 44 36 56 37 55 40 18 21 2 98 42 52 96 89 5 65 6 50 14 91 45 72 73 70 46 9 15 48 74 88 93 13 94 79 22 
	COSTE (km): 12800
	ITERACIONES SIN MEJORA: 0
	LISTA TABU:
	73 57
	48 32
	81 1
	27 17
	60 49
	34 19
	76 64
	90 12
	42 0
	83 3
	15 6
	98 5
	71 21
	17 9
	75 26
	93 28
	94 36
	53 5
	77 50
	66 13
	51 39
	76 55
	87 82
	68 21
	49 41
	95 53
	96 52
	83 33
	24 23
	63 13
	37 0

ITERACION: 32
	INTERCAMBIO: (46, 36)
	RECORRIDO: 58 7 32 71 29 51 19 49 3 61 33 26 47 39 20 25 23 54 16 85 95 38 86 83 10 87 43 30 82 17 27 77 59 63 60 41 90 8 84 92 80 68 53 31 99 66 76 67 12 24 4 28 11 78 34 1 35 64 81 75 97 62 57 69 44 36 56 37 55 40 18 21 2 98 42 52 96 89 5 65 6 50 14 91 45 72 73 70 46 9 15 48 74 88 93 13 94 79 22 
	COSTE (km): 12329
	ITERACIONES SIN MEJORA: 0
	LISTA TABU:
	73 57
	48 32
	81 1
	27 17
	60 49
	34 19
	76 64
	90 12
	42 0
	83 3
	15 6
	98 5
	71 21
	17 9
	75 26
	93 28
	94 36
	53 5
	77 50
	66 13
	51 39
	76 55
	87 82
	68 21
	49 41
	95 53
	96 52
	83 33
	24 23
	63 13
	37 0
	46 36

ITERACION: 33
	INTERCAMBIO: (76, 8)
	RECORRIDO: 58 7 32 71 29 51 19 49 96 61 33 26 47 39 20 25 23 54 16 85 95 38 86 83 10 87 43 30 82 17 27 77 59 63 60 41 90 8 84 92 80 68 53 31 99 66 76 67 12 24 4 28 11 78 34 1 35 64 81 75 97 62 57 69 44 36 56 37 55 40 18 21 2 98 42 52 3 89 5 65 6 50 14 91 45 72 73 70 46 9 15 48 74 88 93 13 94 79 22 
	COSTE (km): 12117
	ITERACIONES SIN MEJORA: 0
	LISTA TABU:
	73 57
	48 32
	81 1
	27 17
	60 49
	34 19
	76 64
	90 12
	42 0
	83 3
	15 6
	98 5
	71 21
	17 9
	75 26
	93 28
	94 36
	53 5
	77 50
	66 13
	51 39
	76 55
	87 82
	68 21
	49 41
	95 53
	96 52
	83 33
	24 23
	63 13
	37 0
	46 36
	76 8

ITERACION: 34
	INTERCAMBIO: (25, 24)
	RECORRIDO: 58 7 32 71 29 51 19 49 96 61 33 26 47 39 20 25 23 54 16 85 95 38 86 83 87 10 43 30 82 17 27 77 59 63 60 41 90 8 84 92 80 68 53 31 99 66 76 67 12 24 4 28 11 78 34 1 35 64 81 75 97 62 57 69 44 36 56 37 55 40 18 21 2 98 42 52 3 89 5 65 6 50 14 91 45 72 73 70 46 9 15 48 74 88 93 13 94 79 22 
	COSTE (km): 11932
	ITERACIONES SIN MEJORA: 0
	LISTA TABU:
	73 57
	48 32
	81 1
	27 17
	60 49
	34 19
	76 64
	90 12
	42 0
	83 3
	15 6
	98 5
	71 21
	17 9
	75 26
	93 28
	94 36
	53 5
	77 50
	66 13
	51 39
	76 55
	87 82
	68 21
	49 41
	95 53
	96 52
	83 33
	24 23
	63 13
	37 0
	46 36
	76 8
	25 24

ITERACION: 35
	INTERCAMBIO: (30, 0)
	RECORRIDO: 27 7 32 71 29 51 19 49 96 61 33 26 47 39 20 25 23 54 16 85 95 38 86 83 87 10 43 30 82 17 58 77 59 63 60 41 90 8 84 92 80 68 53 31 99 66 76 67 12 24 4 28 11 78 34 1 35 64 81 75 97 62 57 69 44 36 56 37 55 40 18 21 2 98 42 52 3 89 5 65 6 50 14 91 45 72 73 70 46 9 15 48 74 88 93 13 94 79 22 
	COSTE (km): 11773
	ITERACIONES SIN MEJORA: 0
	LISTA TABU:
	73 57
	48 32
	81 1
	27 17
	60 49
	34 19
	76 64
	90 12
	42 0
	83 3
	15 6
	98 5
	71 21
	17 9
	75 26
	93 28
	94 36
	53 5
	77 50
	66 13
	51 39
	76 55
	87 82
	68 21
	49 41
	95 53
	96 52
	83 33
	24 23
	63 13
	37 0
	46 36
	76 8
	25 24
	30 0

ITERACION: 36
	INTERCAMBIO: (47, 30)
	RECORRIDO: 27 7 32 71 29 51 19 49 96 61 33 26 47 39 20 25 23 54 16 85 95 38 86 83 87 10 43 30 82 17 67 77 59 63 60 41 90 8 84 92 80 68 53 31 99 66 76 58 12 24 4 28 11 78 34 1 35 64 81 75 97 62 57 69 44 36 56 37 55 40 18 21 2 98 42 52 3 89 5 65 6 50 14 91 45 72 73 70 46 9 15 48 74 88 93 13 94 79 22 
	COSTE (km): 11189
	ITERACIONES SIN MEJORA: 0
	LISTA TABU:
	73 57
	48 32
	81 1
	27 17
	60 49
	34 19
	76 64
	90 12
	42 0
	83 3
	15 6
	98 5
	71 21
	17 9
	75 26
	93 28
	94 36
	53 5
	77 50
	66 13
	51 39
	76 55
	87 82
	68 21
	49 41
	95 53
	96 52
	83 33
	24 23
	63 13
	37 0
	46 36
	76 8
	25 24
	30 0
	47 30

ITERACION: 37
	INTERCAMBIO: (14, 12)
	RECORRIDO: 27 7 32 71 29 51 19 49 96 61 33 26 20 39 47 25 23 54 16 85 95 38 86 83 87 10 43 30 82 17 67 77 59 63 60 41 90 8 84 92 80 68 53 31 99 66 76 58 12 24 4 28 11 78 34 1 35 64 81 75 97 62 57 69 44 36 56 37 55 40 18 21 2 98 42 52 3 89 5 65 6 50 14 91 45 72 73 70 46 9 15 48 74 88 93 13 94 79 22 
	COSTE (km): 11044
	ITERACIONES SIN MEJORA: 0
	LISTA TABU:
	73 57
	48 32
	81 1
	27 17
	60 49
	34 19
	76 64
	90 12
	42 0
	83 3
	15 6
	98 5
	71 21
	17 9
	75 26
	93 28
	94 36
	53 5
	77 50
	66 13
	51 39
	76 55
	87 82
	68 21
	49 41
	95 53
	96 52
	83 33
	24 23
	63 13
	37 0
	46 36
	76 8
	25 24
	30 0
	47 30
	14 12

ITERACION: 38
	INTERCAMBIO: (76, 74)
	RECORRIDO: 27 7 32 71 29 51 19 49 96 61 33 26 20 39 47 25 23 54 16 85 95 38 86 83 87 10 43 30 82 17 67 77 59 63 60 41 90 8 84 92 80 68 53 31 99 66 76 58 12 24 4 28 11 78 34 1 35 64 81 75 97 62 57 69 44 36 56 37 55 40 18 21 2 98 3 52 42 89 5 65 6 50 14 91 45 72 73 70 46 9 15 48 74 88 93 13 94 79 22 
	COSTE (km): 10915
	ITERACIONES SIN MEJORA: 0
	LISTA TABU:
	73 57
	48 32
	81 1
	27 17
	60 49
	34 19
	76 64
	90 12
	42 0
	83 3
	15 6
	98 5
	71 21
	17 9
	75 26
	93 28
	94 36
	53 5
	77 50
	66 13
	51 39
	76 55
	87 82
	68 21
	49 41
	95 53
	96 52
	83 33
	24 23
	63 13
	37 0
	46 36
	76 8
	25 24
	30 0
	47 30
	14 12
	76 74

ITERACION: 39
	INTERCAMBIO: (65, 19)
	RECORRIDO: 27 7 32 71 29 51 19 49 96 61 33 26 20 39 47 25 23 54 16 36 95 38 86 83 87 10 43 30 82 17 67 77 59 63 60 41 90 8 84 92 80 68 53 31 99 66 76 58 12 24 4 28 11 78 34 1 35 64 81 75 97 62 57 69 44 85 56 37 55 40 18 21 2 98 3 52 42 89 5 65 6 50 14 91 45 72 73 70 46 9 15 48 74 88 93 13 94 79 22 
	COSTE (km): 10811
	ITERACIONES SIN MEJORA: 0
	LISTA TABU:
	73 57
	48 32
	81 1
	27 17
	60 49
	34 19
	76 64
	90 12
	42 0
	83 3
	15 6
	98 5
	71 21
	17 9
	75 26
	93 28
	94 36
	53 5
	77 50
	66 13
	51 39
	76 55
	87 82
	68 21
	49 41
	95 53
	96 52
	83 33
	24 23
	63 13
	37 0
	46 36
	76 8
	25 24
	30 0
	47 30
	14 12
	76 74
	65 19

ITERACION: 40
	INTERCAMBIO: (37, 9)
	RECORRIDO: 27 7 32 71 29 51 19 49 96 8 33 26 20 39 47 25 23 54 16 36 95 38 86 83 87 10 43 30 82 17 67 77 59 63 60 41 90 61 84 92 80 68 53 31 99 66 76 58 12 24 4 28 11 78 34 1 35 64 81 75 97 62 57 69 44 85 56 37 55 40 18 21 2 98 3 52 42 89 5 65 6 50 14 91 45 72 73 70 46 9 15 48 74 88 93 13 94 79 22 
	COSTE (km): 10723
	ITERACIONES SIN MEJORA: 0
	LISTA TABU:
	73 57
	48 32
	81 1
	27 17
	60 49
	34 19
	76 64
	90 12
	42 0
	83 3
	15 6
	98 5
	71 21
	17 9
	75 26
	93 28
	94 36
	53 5
	77 50
	66 13
	51 39
	76 55
	87 82
	68 21
	49 41
	95 53
	96 52
	83 33
	24 23
	63 13
	37 0
	46 36
	76 8
	25 24
	30 0
	47 30
	14 12
	76 74
	65 19
	37 9

ITERACION: 41
	INTERCAMBIO: (45, 37)
	RECORRIDO: 27 7 32 71 29 51 19 49 96 8 33 26 20 39 47 25 23 54 16 36 95 38 86 83 87 10 43 30 82 17 67 77 59 63 60 41 90 66 84 92 80 68 53 31 99 61 76 58 12 24 4 28 11 78 34 1 35 64 81 75 97 62 57 69 44 85 56 37 55 40 18 21 2 98 3 52 42 89 5 65 6 50 14 91 45 72 73 70 46 9 15 48 74 88 93 13 94 79 22 
	COSTE (km): 10370
	ITERACIONES SIN MEJORA: 0
	LISTA TABU:
	73 57
	48 32
	81 1
	27 17
	60 49
	34 19
	76 64
	90 12
	42 0
	83 3
	15 6
	98 5
	71 21
	17 9
	75 26
	93 28
	94 36
	53 5
	77 50
	66 13
	51 39
	76 55
	87 82
	68 21
	49 41
	95 53
	96 52
	83 33
	24 23
	63 13
	37 0
	46 36
	76 8
	25 24
	30 0
	47 30
	14 12
	76 74
	65 19
	37 9
	45 37

ITERACION: 42
	INTERCAMBIO: (39, 37)
	RECORRIDO: 27 7 32 71 29 51 19 49 96 8 33 26 20 39 47 25 23 54 16 36 95 38 86 83 87 10 43 30 82 17 67 77 59 63 60 41 90 92 84 66 80 68 53 31 99 61 76 58 12 24 4 28 11 78 34 1 35 64 81 75 97 62 57 69 44 85 56 37 55 40 18 21 2 98 3 52 42 89 5 65 6 50 14 91 45 72 73 70 46 9 15 48 74 88 93 13 94 79 22 
	COSTE (km): 10167
	ITERACIONES SIN MEJORA: 0
	LISTA TABU:
	73 57
	48 32
	81 1
	27 17
	60 49
	34 19
	76 64
	90 12
	42 0
	83 3
	15 6
	98 5
	71 21
	17 9
	75 26
	93 28
	94 36
	53 5
	77 50
	66 13
	51 39
	76 55
	87 82
	68 21
	49 41
	95 53
	96 52
	83 33
	24 23
	63 13
	37 0
	46 36
	76 8
	25 24
	30 0
	47 30
	14 12
	76 74
	65 19
	37 9
	45 37
	39 37

ITERACION: 43
	INTERCAMBIO: (50, 41)
	RECORRIDO: 27 7 32 71 29 51 19 49 96 8 33 26 20 39 47 25 23 54 16 36 95 38 86 83 87 10 43 30 82 17 67 77 59 63 60 41 90 92 84 66 80 4 53 31 99 61 76 58 12 24 68 28 11 78 34 1 35 64 81 75 97 62 57 69 44 85 56 37 55 40 18 21 2 98 3 52 42 89 5 65 6 50 14 91 45 72 73 70 46 9 15 48 74 88 93 13 94 79 22 
	COSTE (km): 10154
	ITERACIONES SIN MEJORA: 0
	LISTA TABU:
	73 57
	48 32
	81 1
	27 17
	60 49
	34 19
	76 64
	90 12
	42 0
	83 3
	15 6
	98 5
	71 21
	17 9
	75 26
	93 28
	94 36
	53 5
	77 50
	66 13
	51 39
	76 55
	87 82
	68 21
	49 41
	95 53
	96 52
	83 33
	24 23
	63 13
	37 0
	46 36
	76 8
	25 24
	30 0
	47 30
	14 12
	76 74
	65 19
	37 9
	45 37
	39 37
	50 41

ITERACION: 44
	INTERCAMBIO: (49, 42)
	RECORRIDO: 27 7 32 71 29 51 19 49 96 8 33 26 20 39 47 25 23 54 16 36 95 38 86 83 87 10 43 30 82 17 67 77 59 63 60 41 90 92 84 66 80 4 24 31 99 61 76 58 12 53 68 28 11 78 34 1 35 64 81 75 97 62 57 69 44 85 56 37 55 40 18 21 2 98 3 52 42 89 5 65 6 50 14 91 45 72 73 70 46 9 15 48 74 88 93 13 94 79 22 
	COSTE (km): 9646
	ITERACIONES SIN MEJORA: 0
	LISTA TABU:
	73 57
	48 32
	81 1
	27 17
	60 49
	34 19
	76 64
	90 12
	42 0
	83 3
	15 6
	98 5
	71 21
	17 9
	75 26
	93 28
	94 36
	53 5
	77 50
	66 13
	51 39
	76 55
	87 82
	68 21
	49 41
	95 53
	96 52
	83 33
	24 23
	63 13
	37 0
	46 36
	76 8
	25 24
	30 0
	47 30
	14 12
	76 74
	65 19
	37 9
	45 37
	39 37
	50 41
	49 42

ITERACION: 45
	INTERCAMBIO: (89, 3)
	RECORRIDO: 27 7 32 9 29 51 19 49 96 8 33 26 20 39 47 25 23 54 16 36 95 38 86 83 87 10 43 30 82 17 67 77 59 63 60 41 90 92 84 66 80 4 24 31 99 61 76 58 12 53 68 28 11 78 34 1 35 64 81 75 97 62 57 69 44 85 56 37 55 40 18 21 2 98 3 52 42 89 5 65 6 50 14 91 45 72 73 70 46 71 15 48 74 88 93 13 94 79 22 
	COSTE (km): 9640
	ITERACIONES SIN MEJORA: 0
	LISTA TABU:
	73 57
	48 32
	81 1
	27 17
	60 49
	34 19
	76 64
	90 12
	42 0
	83 3
	15 6
	98 5
	71 21
	17 9
	75 26
	93 28
	94 36
	53 5
	77 50
	66 13
	51 39
	76 55
	87 82
	68 21
	49 41
	95 53
	96 52
	83 33
	24 23
	63 13
	37 0
	46 36
	76 8
	25 24
	30 0
	47 30
	14 12
	76 74
	65 19
	37 9
	45 37
	39 37
	50 41
	49 42
	89 3

ITERACION: 46
	INTERCAMBIO: (2, 1)
	RECORRIDO: 27 32 7 9 29 51 19 49 96 8 33 26 20 39 47 25 23 54 16 36 95 38 86 83 87 10 43 30 82 17 67 77 59 63 60 41 90 92 84 66 80 4 24 31 99 61 76 58 12 53 68 28 11 78 34 1 35 64 81 75 97 62 57 69 44 85 56 37 55 40 18 21 2 98 3 52 42 89 5 65 6 50 14 91 45 72 73 70 46 71 15 48 74 88 93 13 94 79 22 
	COSTE (km): 9581
	ITERACIONES SIN MEJORA: 0
	LISTA TABU:
	73 57
	48 32
	81 1
	27 17
	60 49
	34 19
	76 64
	90 12
	42 0
	83 3
	15 6
	98 5
	71 21
	17 9
	75 26
	93 28
	94 36
	53 5
	77 50
	66 13
	51 39
	76 55
	87 82
	68 21
	49 41
	95 53
	96 52
	83 33
	24 23
	63 13
	37 0
	46 36
	76 8
	25 24
	30 0
	47 30
	14 12
	76 74
	65 19
	37 9
	45 37
	39 37
	50 41
	49 42
	89 3
	2 1

ITERACION: 47
	INTERCAMBIO: (67, 65)
	RECORRIDO: 27 32 7 9 29 51 19 49 96 8 33 26 20 39 47 25 23 54 16 36 95 38 86 83 87 10 43 30 82 17 67 77 59 63 60 41 90 92 84 66 80 4 24 31 99 61 76 58 12 53 68 28 11 78 34 1 35 64 81 75 97 62 57 69 44 37 56 85 55 40 18 21 2 98 3 52 42 89 5 65 6 50 14 91 45 72 73 70 46 71 15 48 74 88 93 13 94 79 22 
	COSTE (km): 9590
	ITERACIONES SIN MEJORA: 1
	LISTA TABU:
	73 57
	48 32
	81 1
	27 17
	60 49
	34 19
	76 64
	90 12
	42 0
	83 3
	15 6
	98 5
	71 21
	17 9
	75 26
	93 28
	94 36
	53 5
	77 50
	66 13
	51 39
	76 55
	87 82
	68 21
	49 41
	95 53
	96 52
	83 33
	24 23
	63 13
	37 0
	46 36
	76 8
	25 24
	30 0
	47 30
	14 12
	76 74
	65 19
	37 9
	45 37
	39 37
	50 41
	49 42
	89 3
	2 1
	67 65

ITERACION: 48
	INTERCAMBIO: (89, 64)
	RECORRIDO: 27 32 7 9 29 51 19 49 96 8 33 26 20 39 47 25 23 54 16 36 95 38 86 83 87 10 43 30 82 17 67 77 59 63 60 41 90 92 84 66 80 4 24 31 99 61 76 58 12 53 68 28 11 78 34 1 35 64 81 75 97 62 57 69 71 37 56 85 55 40 18 21 2 98 3 52 42 89 5 65 6 50 14 91 45 72 73 70 46 44 15 48 74 88 93 13 94 79 22 
	COSTE (km): 9499
	ITERACIONES SIN MEJORA: 0
	LISTA TABU:
	73 57
	48 32
	81 1
	27 17
	60 49
	34 19
	76 64
	90 12
	42 0
	83 3
	15 6
	98 5
	71 21
	17 9
	75 26
	93 28
	94 36
	53 5
	77 50
	66 13
	51 39
	76 55
	87 82
	68 21
	49 41
	95 53
	96 52
	83 33
	24 23
	63 13
	37 0
	46 36
	76 8
	25 24
	30 0
	47 30
	14 12
	76 74
	65 19
	37 9
	45 37
	39 37
	50 41
	49 42
	89 3
	2 1
	67 65
	89 64

ITERACION: 49
	INTERCAMBIO: (95, 64)
	RECORRIDO: 27 32 7 9 29 51 19 49 96 8 33 26 20 39 47 25 23 54 16 36 95 38 86 83 87 10 43 30 82 17 67 77 59 63 60 41 90 92 84 66 80 4 24 31 99 61 76 58 12 53 68 28 11 78 34 1 35 64 81 75 97 62 57 69 13 37 56 85 55 40 18 21 2 98 3 52 42 89 5 65 6 50 14 91 45 72 73 70 46 44 15 48 74 88 93 71 94 79 22 
	COSTE (km): 9302
	ITERACIONES SIN MEJORA: 0
	LISTA TABU:
	73 57
	48 32
	81 1
	27 17
	60 49
	34 19
	76 64
	90 12
	42 0
	83 3
	15 6
	98 5
	71 21
	17 9
	75 26
	93 28
	94 36
	53 5
	77 50
	66 13
	51 39
	76 55
	87 82
	68 21
	49 41
	95 53
	96 52
	83 33
	24 23
	63 13
	37 0
	46 36
	76 8
	25 24
	30 0
	47 30
	14 12
	76 74
	65 19
	37 9
	45 37
	39 37
	50 41
	49 42
	89 3
	2 1
	67 65
	89 64
	95 64

ITERACION: 50
	INTERCAMBIO: (63, 46)
	RECORRIDO: 27 32 7 9 29 51 19 49 96 8 33 26 20 39 47 25 23 54 16 36 95 38 86 83 87 10 43 30 82 17 67 77 59 63 60 41 90 92 84 66 80 4 24 31 99 61 69 58 12 53 68 28 11 78 34 1 35 64 81 75 97 62 57 76 13 37 56 85 55 40 18 21 2 98 3 52 42 89 5 65 6 50 14 91 45 72 73 70 46 44 15 48 74 88 93 71 94 79 22 
	COSTE (km): 9222
	ITERACIONES SIN MEJORA: 0
	LISTA TABU:
	73 57
	48 32
	81 1
	27 17
	60 49
	34 19
	76 64
	90 12
	42 0
	83 3
	15 6
	98 5
	71 21
	17 9
	75 26
	93 28
	94 36
	53 5
	77 50
	66 13
	51 39
	76 55
	87 82
	68 21
	49 41
	95 53
	96 52
	83 33
	24 23
	63 13
	37 0
	46 36
	76 8
	25 24
	30 0
	47 30
	14 12
	76 74
	65 19
	37 9
	45 37
	39 37
	50 41
	49 42
	89 3
	2 1
	67 65
	89 64
	95 64
	63 46

ITERACION: 51
	INTERCAMBIO: (20, 18)
	RECORRIDO: 27 32 7 9 29 51 19 49 96 8 33 26 20 39 47 25 23 54 95 36 16 38 86 83 87 10 43 30 82 17 67 77 59 63 60 41 90 92 84 66 80 4 24 31 99 61 69 58 12 53 68 28 11 78 34 1 35 64 81 75 97 62 57 76 13 37 56 85 55 40 18 21 2 98 3 52 42 89 5 65 6 50 14 91 45 72 73 70 46 44 15 48 74 88 93 71 94 79 22 
	COSTE (km): 9238
	ITERACIONES SIN MEJORA: 1
	LISTA TABU:
	73 57
	48 32
	81 1
	27 17
	60 49
	34 19
	76 64
	90 12
	42 0
	83 3
	15 6
	98 5
	71 21
	17 9
	75 26
	93 28
	94 36
	53 5
	77 50
	66 13
	51 39
	76 55
	87 82
	68 21
	49 41
	95 53
	96 52
	83 33
	24 23
	63 13
	37 0
	46 36
	76 8
	25 24
	30 0
	47 30
	14 12
	76 74
	65 19
	37 9
	45 37
	39 37
	50 41
	49 42
	89 3
	2 1
	67 65
	89 64
	95 64
	63 46
	20 18

ITERACION: 52
	INTERCAMBIO: (58, 4)
	RECORRIDO: 27 32 7 9 81 51 19 49 96 8 33 26 20 39 47 25 23 54 95 36 16 38 86 83 87 10 43 30 82 17 67 77 59 63 60 41 90 92 84 66 80 4 24 31 99 61 69 58 12 53 68 28 11 78 34 1 35 64 29 75 97 62 57 76 13 37 56 85 55 40 18 21 2 98 3 52 42 89 5 65 6 50 14 91 45 72 73 70 46 44 15 48 74 88 93 71 94 79 22 
	COSTE (km): 9274
	ITERACIONES SIN MEJORA: 2
	LISTA TABU:
	73 57
	48 32
	81 1
	27 17
	60 49
	34 19
	76 64
	90 12
	42 0
	83 3
	15 6
	98 5
	71 21
	17 9
	75 26
	93 28
	94 36
	53 5
	77 50
	66 13
	51 39
	76 55
	87 82
	68 21
	49 41
	95 53
	96 52
	83 33
	24 23
	63 13
	37 0
	46 36
	76 8
	25 24
	30 0
	47 30
	14 12
	76 74
	65 19
	37 9
	45 37
	39 37
	50 41
	49 42
	89 3
	2 1
	67 65
	89 64
	95 64
	63 46
	20 18
	58 4

ITERACION: 53
	INTERCAMBIO: (60, 4)
	RECORRIDO: 27 32 7 9 97 51 19 49 96 8 33 26 20 39 47 25 23 54 95 36 16 38 86 83 87 10 43 30 82 17 67 77 59 63 60 41 90 92 84 66 80 4 24 31 99 61 69 58 12 53 68 28 11 78 34 1 35 64 29 75 81 62 57 76 13 37 56 85 55 40 18 21 2 98 3 52 42 89 5 65 6 50 14 91 45 72 73 70 46 44 15 48 74 88 93 71 94 79 22 
	COSTE (km): 9193
	ITERACIONES SIN MEJORA: 0
	LISTA TABU:
	73 57
	48 32
	81 1
	27 17
	60 49
	34 19
	76 64
	90 12
	42 0
	83 3
	15 6
	98 5
	71 21
	17 9
	75 26
	93 28
	94 36
	53 5
	77 50
	66 13
	51 39
	76 55
	87 82
	68 21
	49 41
	95 53
	96 52
	83 33
	24 23
	63 13
	37 0
	46 36
	76 8
	25 24
	30 0
	47 30
	14 12
	76 74
	65 19
	37 9
	45 37
	39 37
	50 41
	49 42
	89 3
	2 1
	67 65
	89 64
	95 64
	63 46
	20 18
	58 4
	60 4

ITERACION: 54
	INTERCAMBIO: (27, 4)
	RECORRIDO: 27 32 7 9 30 51 19 49 96 8 33 26 20 39 47 25 23 54 95 36 16 38 86 83 87 10 43 97 82 17 67 77 59 63 60 41 90 92 84 66 80 4 24 31 99 61 69 58 12 53 68 28 11 78 34 1 35 64 29 75 81 62 57 76 13 37 56 85 55 40 18 21 2 98 3 52 42 89 5 65 6 50 14 91 45 72 73 70 46 44 15 48 74 88 93 71 94 79 22 
	COSTE (km): 8960
	ITERACIONES SIN MEJORA: 0
	LISTA TABU:
	73 57
	48 32
	81 1
	27 17
	60 49
	34 19
	76 64
	90 12
	42 0
	83 3
	15 6
	98 5
	71 21
	17 9
	75 26
	93 28
	94 36
	53 5
	77 50
	66 13
	51 39
	76 55
	87 82
	68 21
	49 41
	95 53
	96 52
	83 33
	24 23
	63 13
	37 0
	46 36
	76 8
	25 24
	30 0
	47 30
	14 12
	76 74
	65 19
	37 9
	45 37
	39 37
	50 41
	49 42
	89 3
	2 1
	67 65
	89 64
	95 64
	63 46
	20 18
	58 4
	60 4
	27 4

ITERACION: 55
	INTERCAMBIO: (26, 24)
	RECORRIDO: 27 32 7 9 30 51 19 49 96 8 33 26 20 39 47 25 23 54 95 36 16 38 86 83 43 10 87 97 82 17 67 77 59 63 60 41 90 92 84 66 80 4 24 31 99 61 69 58 12 53 68 28 11 78 34 1 35 64 29 75 81 62 57 76 13 37 56 85 55 40 18 21 2 98 3 52 42 89 5 65 6 50 14 91 45 72 73 70 46 44 15 48 74 88 93 71 94 79 22 
	COSTE (km): 8847
	ITERACIONES SIN MEJORA: 0
	LISTA TABU:
	73 57
	48 32
	81 1
	27 17
	60 49
	34 19
	76 64
	90 12
	42 0
	83 3
	15 6
	98 5
	71 21
	17 9
	75 26
	93 28
	94 36
	53 5
	77 50
	66 13
	51 39
	76 55
	87 82
	68 21
	49 41
	95 53
	96 52
	83 33
	24 23
	63 13
	37 0
	46 36
	76 8
	25 24
	30 0
	47 30
	14 12
	76 74
	65 19
	37 9
	45 37
	39 37
	50 41
	49 42
	89 3
	2 1
	67 65
	89 64
	95 64
	63 46
	20 18
	58 4
	60 4
	27 4
	26 24

ITERACION: 56
	INTERCAMBIO: (58, 24)
	RECORRIDO: 27 32 7 9 30 51 19 49 96 8 33 26 20 39 47 25 23 54 95 36 16 38 86 83 29 10 87 97 82 17 67 77 59 63 60 41 90 92 84 66 80 4 24 31 99 61 69 58 12 53 68 28 11 78 34 1 35 64 43 75 81 62 57 76 13 37 56 85 55 40 18 21 2 98 3 52 42 89 5 65 6 50 14 91 45 72 73 70 46 44 15 48 74 88 93 71 94 79 22 
	COSTE (km): 8801
	ITERACIONES SIN MEJORA: 0
	LISTA TABU:
	73 57
	48 32
	81 1
	27 17
	60 49
	34 19
	76 64
	90 12
	42 0
	83 3
	15 6
	98 5
	71 21
	17 9
	75 26
	93 28
	94 36
	53 5
	77 50
	66 13
	51 39
	76 55
	87 82
	68 21
	49 41
	95 53
	96 52
	83 33
	24 23
	63 13
	37 0
	46 36
	76 8
	25 24
	30 0
	47 30
	14 12
	76 74
	65 19
	37 9
	45 37
	39 37
	50 41
	49 42
	89 3
	2 1
	67 65
	89 64
	95 64
	63 46
	20 18
	58 4
	60 4
	27 4
	26 24
	58 24

ITERACION: 57
	INTERCAMBIO: (38, 20)
	RECORRIDO: 27 32 7 9 30 51 19 49 96 8 33 26 20 39 47 25 23 54 95 36 84 38 86 83 29 10 87 97 82 17 67 77 59 63 60 41 90 92 16 66 80 4 24 31 99 61 69 58 12 53 68 28 11 78 34 1 35 64 43 75 81 62 57 76 13 37 56 85 55 40 18 21 2 98 3 52 42 89 5 65 6 50 14 91 45 72 73 70 46 44 15 48 74 88 93 71 94 79 22 
	COSTE (km): 8846
	ITERACIONES SIN MEJORA: 1
	LISTA TABU:
	73 57
	48 32
	81 1
	27 17
	60 49
	34 19
	76 64
	90 12
	42 0
	83 3
	15 6
	98 5
	71 21
	17 9
	75 26
	93 28
	94 36
	53 5
	77 50
	66 13
	51 39
	76 55
	87 82
	68 21
	49 41
	95 53
	96 52
	83 33
	24 23
	63 13
	37 0
	46 36
	76 8
	25 24
	30 0
	47 30
	14 12
	76 74
	65 19
	37 9
	45 37
	39 37
	50 41
	49 42
	89 3
	2 1
	67 65
	89 64
	95 64
	63 46
	20 18
	58 4
	60 4
	27 4
	26 24
	58 24
	38 20

ITERACION: 58
	INTERCAMBIO: (92, 19)
	RECORRIDO: 27 32 7 9 30 51 19 49 96 8 33 26 20 39 47 25 23 54 95 74 84 38 86 83 29 10 87 97 82 17 67 77 59 63 60 41 90 92 16 66 80 4 24 31 99 61 69 58 12 53 68 28 11 78 34 1 35 64 43 75 81 62 57 76 13 37 56 85 55 40 18 21 2 98 3 52 42 89 5 65 6 50 14 91 45 72 73 70 46 44 15 48 36 88 93 71 94 79 22 
	COSTE (km): 8831
	ITERACIONES SIN MEJORA: 2
	LISTA TABU:
	73 57
	48 32
	81 1
	27 17
	60 49
	34 19
	76 64
	90 12
	42 0
	83 3
	15 6
	98 5
	71 21
	17 9
	75 26
	93 28
	94 36
	53 5
	77 50
	66 13
	51 39
	76 55
	87 82
	68 21
	49 41
	95 53
	96 52
	83 33
	24 23
	63 13
	37 0
	46 36
	76 8
	25 24
	30 0
	47 30
	14 12
	76 74
	65 19
	37 9
	45 37
	39 37
	50 41
	49 42
	89 3
	2 1
	67 65
	89 64
	95 64
	63 46
	20 18
	58 4
	60 4
	27 4
	26 24
	58 24
	38 20
	92 19

ITERACION: 59
	INTERCAMBIO: (91, 89)
	RECORRIDO: 27 32 7 9 30 51 19 49 96 8 33 26 20 39 47 25 23 54 95 74 84 38 86 83 29 10 87 97 82 17 67 77 59 63 60 41 90 92 16 66 80 4 24 31 99 61 69 58 12 53 68 28 11 78 34 1 35 64 43 75 81 62 57 76 13 37 56 85 55 40 18 21 2 98 3 52 42 89 5 65 6 50 14 91 45 72 73 70 46 48 15 44 36 88 93 71 94 79 22 
	COSTE (km): 8381
	ITERACIONES SIN MEJORA: 0
	LISTA TABU:
	73 57
	48 32
	81 1
	27 17
	60 49
	34 19
	76 64
	90 12
	42 0
	83 3
	15 6
	98 5
	71 21
	17 9
	75 26
	93 28
	94 36
	53 5
	77 50
	66 13
	51 39
	76 55
	87 82
	68 21
	49 41
	95 53
	96 52
	83 33
	24 23
	63 13
	37 0
	46 36
	76 8
	25 24
	30 0
	47 30
	14 12
	76 74
	65 19
	37 9
	45 37
	39 37
	50 41
	49 42
	89 3
	2 1
	67 65
	89 64
	95 64
	63 46
	20 18
	58 4
	60 4
	27 4
	26 24
	58 24
	38 20
	92 19
	91 89

ITERACION: 60
	INTERCAMBIO: (76, 18)
	RECORRIDO: 27 32 7 9 30 51 19 49 96 8 33 26 20 39 47 25 23 54 42 74 84 38 86 83 29 10 87 97 82 17 67 77 59 63 60 41 90 92 16 66 80 4 24 31 99 61 69 58 12 53 68 28 11 78 34 1 35 64 43 75 81 62 57 76 13 37 56 85 55 40 18 21 2 98 3 52 95 89 5 65 6 50 14 91 45 72 73 70 46 48 15 44 36 88 93 71 94 79 22 
	COSTE (km): 8413
	ITERACIONES SIN MEJORA: 1
	LISTA TABU:
	73 57
	48 32
	81 1
	27 17
	60 49
	34 19
	76 64
	90 12
	42 0
	83 3
	15 6
	98 5
	71 21
	17 9
	75 26
	93 28
	94 36
	53 5
	77 50
	66 13
	51 39
	76 55
	87 82
	68 21
	49 41
	95 53
	96 52
	83 33
	24 23
	63 13
	37 0
	46 36
	76 8
	25 24
	30 0
	47 30
	14 12
	76 74
	65 19
	37 9
	45 37
	39 37
	50 41
	49 42
	89 3
	2 1
	67 65
	89 64
	95 64
	63 46
	20 18
	58 4
	60 4
	27 4
	26 24
	58 24
	38 20
	92 19
	91 89
	76 18

ITERACION: 61
	INTERCAMBIO: (78, 77)
	RECORRIDO: 27 32 7 9 30 51 19 49 96 8 33 26 20 39 47 25 23 54 42 74 84 38 86 83 29 10 87 97 82 17 67 77 59 63 60 41 90 92 16 66 80 4 24 31 99 61 69 58 12 53 68 28 11 78 34 1 35 64 43 75 81 62 57 76 13 37 56 85 55 40 18 21 2 98 3 52 95 5 89 65 6 50 14 91 45 72 73 70 46 48 15 44 36 88 93 71 94 79 22 
	COSTE (km): 8232
	ITERACIONES SIN MEJORA: 0
	LISTA TABU:
	73 57
	48 32
	81 1
	27 17
	60 49
	34 19
	76 64
	90 12
	42 0
	83 3
	15 6
	98 5
	71 21
	17 9
	75 26
	93 28
	94 36
	53 5
	77 50
	66 13
	51 39
	76 55
	87 82
	68 21
	49 41
	95 53
	96 52
	83 33
	24 23
	63 13
	37 0
	46 36
	76 8
	25 24
	30 0
	47 30
	14 12
	76 74
	65 19
	37 9
	45 37
	39 37
	50 41
	49 42
	89 3
	2 1
	67 65
	89 64
	95 64
	63 46
	20 18
	58 4
	60 4
	27 4
	26 24
	58 24
	38 20
	92 19
	91 89
	76 18
	78 77

ITERACION: 62
	INTERCAMBIO: (77, 10)
	RECORRIDO: 27 32 7 9 30 51 19 49 96 8 5 26 20 39 47 25 23 54 42 74 84 38 86 83 29 10 87 97 82 17 67 77 59 63 60 41 90 92 16 66 80 4 24 31 99 61 69 58 12 53 68 28 11 78 34 1 35 64 43 75 81 62 57 76 13 37 56 85 55 40 18 21 2 98 3 52 95 33 89 65 6 50 14 91 45 72 73 70 46 48 15 44 36 88 93 71 94 79 22 
	COSTE (km): 8209
	ITERACIONES SIN MEJORA: 0
	LISTA TABU:
	73 57
	48 32
	81 1
	27 17
	60 49
	34 19
	76 64
	90 12
	42 0
	83 3
	15 6
	98 5
	71 21
	17 9
	75 26
	93 28
	94 36
	53 5
	77 50
	66 13
	51 39
	76 55
	87 82
	68 21
	49 41
	95 53
	96 52
	83 33
	24 23
	63 13
	37 0
	46 36
	76 8
	25 24
	30 0
	47 30
	14 12
	76 74
	65 19
	37 9
	45 37
	39 37
	50 41
	49 42
	89 3
	2 1
	67 65
	89 64
	95 64
	63 46
	20 18
	58 4
	60 4
	27 4
	26 24
	58 24
	38 20
	92 19
	91 89
	76 18
	78 77
	77 10

ITERACION: 63
	INTERCAMBIO: (90, 88)
	RECORRIDO: 27 32 7 9 30 51 19 49 96 8 5 26 20 39 47 25 23 54 42 74 84 38 86 83 29 10 87 97 82 17 67 77 59 63 60 41 90 92 16 66 80 4 24 31 99 61 69 58 12 53 68 28 11 78 34 1 35 64 43 75 81 62 57 76 13 37 56 85 55 40 18 21 2 98 3 52 95 33 89 65 6 50 14 91 45 72 73 70 15 48 46 44 36 88 93 71 94 79 22 
	COSTE (km): 8248
	ITERACIONES SIN MEJORA: 1
	LISTA TABU:
	73 57
	48 32
	81 1
	27 17
	60 49
	34 19
	76 64
	90 12
	42 0
	83 3
	15 6
	98 5
	71 21
	17 9
	75 26
	93 28
	94 36
	53 5
	77 50
	66 13
	51 39
	76 55
	87 82
	68 21
	49 41
	95 53
	96 52
	83 33
	24 23
	63 13
	37 0
	46 36
	76 8
	25 24
	30 0
	47 30
	14 12
	76 74
	65 19
	37 9
	45 37
	39 37
	50 41
	49 42
	89 3
	2 1
	67 65
	89 64
	95 64
	63 46
	20 18
	58 4
	60 4
	27 4
	26 24
	58 24
	38 20
	92 19
	91 89
	76 18
	78 77
	77 10
	90 88

ITERACION: 64
	INTERCAMBIO: (92, 91)
	RECORRIDO: 27 32 7 9 30 51 19 49 96 8 5 26 20 39 47 25 23 54 42 74 84 38 86 83 29 10 87 97 82 17 67 77 59 63 60 41 90 92 16 66 80 4 24 31 99 61 69 58 12 53 68 28 11 78 34 1 35 64 43 75 81 62 57 76 13 37 56 85 55 40 18 21 2 98 3 52 95 33 89 65 6 50 14 91 45 72 73 70 15 48 46 36 44 88 93 71 94 79 22 
	COSTE (km): 8196
	ITERACIONES SIN MEJORA: 0
	LISTA TABU:
	73 57
	48 32
	81 1
	27 17
	60 49
	34 19
	76 64
	90 12
	42 0
	83 3
	15 6
	98 5
	71 21
	17 9
	75 26
	93 28
	94 36
	53 5
	77 50
	66 13
	51 39
	76 55
	87 82
	68 21
	49 41
	95 53
	96 52
	83 33
	24 23
	63 13
	37 0
	46 36
	76 8
	25 24
	30 0
	47 30
	14 12
	76 74
	65 19
	37 9
	45 37
	39 37
	50 41
	49 42
	89 3
	2 1
	67 65
	89 64
	95 64
	63 46
	20 18
	58 4
	60 4
	27 4
	26 24
	58 24
	38 20
	92 19
	91 89
	76 18
	78 77
	77 10
	90 88
	92 91

ITERACION: 65
	INTERCAMBIO: (37, 35)
	RECORRIDO: 27 32 7 9 30 51 19 49 96 8 5 26 20 39 47 25 23 54 42 74 84 38 86 83 29 10 87 97 82 17 67 77 59 63 60 92 90 41 16 66 80 4 24 31 99 61 69 58 12 53 68 28 11 78 34 1 35 64 43 75 81 62 57 76 13 37 56 85 55 40 18 21 2 98 3 52 95 33 89 65 6 50 14 91 45 72 73 70 15 48 46 36 44 88 93 71 94 79 22 
	COSTE (km): 8247
	ITERACIONES SIN MEJORA: 1
	LISTA TABU:
	73 57
	48 32
	81 1
	27 17
	60 49
	34 19
	76 64
	90 12
	42 0
	83 3
	15 6
	98 5
	71 21
	17 9
	75 26
	93 28
	94 36
	53 5
	77 50
	66 13
	51 39
	76 55
	87 82
	68 21
	49 41
	95 53
	96 52
	83 33
	24 23
	63 13
	37 0
	46 36
	76 8
	25 24
	30 0
	47 30
	14 12
	76 74
	65 19
	37 9
	45 37
	39 37
	50 41
	49 42
	89 3
	2 1
	67 65
	89 64
	95 64
	63 46
	20 18
	58 4
	60 4
	27 4
	26 24
	58 24
	38 20
	92 19
	91 89
	76 18
	78 77
	77 10
	90 88
	92 91
	37 35

ITERACION: 66
	INTERCAMBIO: (34, 25)
	RECORRIDO: 27 32 7 9 30 51 19 49 96 8 5 26 20 39 47 25 23 54 42 74 84 38 86 83 29 60 87 97 82 17 67 77 59 63 10 92 90 41 16 66 80 4 24 31 99 61 69 58 12 53 68 28 11 78 34 1 35 64 43 75 81 62 57 76 13 37 56 85 55 40 18 21 2 98 3 52 95 33 89 65 6 50 14 91 45 72 73 70 15 48 46 36 44 88 93 71 94 79 22 
	COSTE (km): 8200
	ITERACIONES SIN MEJORA: 2
	LISTA TABU:
	73 57
	48 32
	81 1
	27 17
	60 49
	34 19
	76 64
	90 12
	42 0
	83 3
	15 6
	98 5
	71 21
	17 9
	75 26
	93 28
	94 36
	53 5
	77 50
	66 13
	51 39
	76 55
	87 82
	68 21
	49 41
	95 53
	96 52
	83 33
	24 23
	63 13
	37 0
	46 36
	76 8
	25 24
	30 0
	47 30
	14 12
	76 74
	65 19
	37 9
	45 37
	39 37
	50 41
	49 42
	89 3
	2 1
	67 65
	89 64
	95 64
	63 46
	20 18
	58 4
	60 4
	27 4
	26 24
	58 24
	38 20
	92 19
	91 89
	76 18
	78 77
	77 10
	90 88
	92 91
	37 35
	34 25

ITERACION: 67
	INTERCAMBIO: (25, 23)
	RECORRIDO: 27 32 7 9 30 51 19 49 96 8 5 26 20 39 47 25 23 54 42 74 84 38 86 60 29 83 87 97 82 17 67 77 59 63 10 92 90 41 16 66 80 4 24 31 99 61 69 58 12 53 68 28 11 78 34 1 35 64 43 75 81 62 57 76 13 37 56 85 55 40 18 21 2 98 3 52 95 33 89 65 6 50 14 91 45 72 73 70 15 48 46 36 44 88 93 71 94 79 22 
	COSTE (km): 8057
	ITERACIONES SIN MEJORA: 0
	LISTA TABU:
	73 57
	48 32
	81 1
	27 17
	60 49
	34 19
	76 64
	90 12
	42 0
	83 3
	15 6
	98 5
	71 21
	17 9
	75 26
	93 28
	94 36
	53 5
	77 50
	66 13
	51 39
	76 55
	87 82
	68 21
	49 41
	95 53
	96 52
	83 33
	24 23
	63 13
	37 0
	46 36
	76 8
	25 24
	30 0
	47 30
	14 12
	76 74
	65 19
	37 9
	45 37
	39 37
	50 41
	49 42
	89 3
	2 1
	67 65
	89 64
	95 64
	63 46
	20 18
	58 4
	60 4
	27 4
	26 24
	58 24
	38 20
	92 19
	91 89
	76 18
	78 77
	77 10
	90 88
	92 91
	37 35
	34 25
	25 23

ITERACION: 68
	INTERCAMBIO: (34, 33)
	RECORRIDO: 27 32 7 9 30 51 19 49 96 8 5 26 20 39 47 25 23 54 42 74 84 38 86 60 29 83 87 97 82 17 67 77 59 10 63 92 90 41 16 66 80 4 24 31 99 61 69 58 12 53 68 28 11 78 34 1 35 64 43 75 81 62 57 76 13 37 56 85 55 40 18 21 2 98 3 52 95 33 89 65 6 50 14 91 45 72 73 70 15 48 46 36 44 88 93 71 94 79 22 
	COSTE (km): 7917
	ITERACIONES SIN MEJORA: 0
	LISTA TABU:
	73 57
	48 32
	81 1
	27 17
	60 49
	34 19
	76 64
	90 12
	42 0
	83 3
	15 6
	98 5
	71 21
	17 9
	75 26
	93 28
	94 36
	53 5
	77 50
	66 13
	51 39
	76 55
	87 82
	68 21
	49 41
	95 53
	96 52
	83 33
	24 23
	63 13
	37 0
	46 36
	76 8
	25 24
	30 0
	47 30
	14 12
	76 74
	65 19
	37 9
	45 37
	39 37
	50 41
	49 42
	89 3
	2 1
	67 65
	89 64
	95 64
	63 46
	20 18
	58 4
	60 4
	27 4
	26 24
	58 24
	38 20
	92 19
	91 89
	76 18
	78 77
	77 10
	90 88
	92 91
	37 35
	34 25
	25 23
	34 33

ITERACION: 69
	INTERCAMBIO: (38, 36)
	RECORRIDO: 27 32 7 9 30 51 19 49 96 8 5 26 20 39 47 25 23 54 42 74 84 38 86 60 29 83 87 97 82 17 67 77 59 10 63 92 16 41 90 66 80 4 24 31 99 61 69 58 12 53 68 28 11 78 34 1 35 64 43 75 81 62 57 76 13 37 56 85 55 40 18 21 2 98 3 52 95 33 89 65 6 50 14 91 45 72 73 70 15 48 46 36 44 88 93 71 94 79 22 
	COSTE (km): 7969
	ITERACIONES SIN MEJORA: 1
	LISTA TABU:
	73 57
	48 32
	81 1
	27 17
	60 49
	34 19
	76 64
	90 12
	42 0
	83 3
	15 6
	98 5
	71 21
	17 9
	75 26
	93 28
	94 36
	53 5
	77 50
	66 13
	51 39
	76 55
	87 82
	68 21
	49 41
	95 53
	96 52
	83 33
	24 23
	63 13
	37 0
	46 36
	76 8
	25 24
	30 0
	47 30
	14 12
	76 74
	65 19
	37 9
	45 37
	39 37
	50 41
	49 42
	89 3
	2 1
	67 65
	89 64
	95 64
	63 46
	20 18
	58 4
	60 4
	27 4
	26 24
	58 24
	38 20
	92 19
	91 89
	76 18
	78 77
	77 10
	90 88
	92 91
	37 35
	34 25
	25 23
	34 33
	38 36

ITERACION: 70
	INTERCAMBIO: (83, 69)
	RECORRIDO: 27 32 7 9 30 51 19 49 96 8 5 26 20 39 47 25 23 54 42 74 84 38 86 60 29 83 87 97 82 17 67 77 59 10 63 92 16 41 90 66 80 4 24 31 99 61 69 58 12 53 68 28 11 78 34 1 35 64 43 75 81 62 57 76 13 37 56 85 55 91 18 21 2 98 3 52 95 33 89 65 6 50 14 40 45 72 73 70 15 48 46 36 44 88 93 71 94 79 22 
	COSTE (km): 8034
	ITERACIONES SIN MEJORA: 2
	LISTA TABU:
	73 57
	48 32
	81 1
	27 17
	60 49
	34 19
	76 64
	90 12
	42 0
	83 3
	15 6
	98 5
	71 21
	17 9
	75 26
	93 28
	94 36
	53 5
	77 50
	66 13
	51 39
	76 55
	87 82
	68 21
	49 41
	95 53
	96 52
	83 33
	24 23
	63 13
	37 0
	46 36
	76 8
	25 24
	30 0
	47 30
	14 12
	76 74
	65 19
	37 9
	45 37
	39 37
	50 41
	49 42
	89 3
	2 1
	67 65
	89 64
	95 64
	63 46
	20 18
	58 4
	60 4
	27 4
	26 24
	58 24
	38 20
	92 19
	91 89
	76 18
	78 77
	77 10
	90 88
	92 91
	37 35
	34 25
	25 23
	34 33
	38 36
	83 69

ITERACION: 71
	INTERCAMBIO: (68, 66)
	RECORRIDO: 27 32 7 9 30 51 19 49 96 8 5 26 20 39 47 25 23 54 42 74 84 38 86 60 29 83 87 97 82 17 67 77 59 10 63 92 16 41 90 66 80 4 24 31 99 61 69 58 12 53 68 28 11 78 34 1 35 64 43 75 81 62 57 76 13 37 55 85 56 91 18 21 2 98 3 52 95 33 89 65 6 50 14 40 45 72 73 70 15 48 46 36 44 88 93 71 94 79 22 
	COSTE (km): 7978
	ITERACIONES SIN MEJORA: 3
	LISTA TABU:
	73 57
	48 32
	81 1
	27 17
	60 49
	34 19
	76 64
	90 12
	42 0
	83 3
	15 6
	98 5
	71 21
	17 9
	75 26
	93 28
	94 36
	53 5
	77 50
	66 13
	51 39
	76 55
	87 82
	68 21
	49 41
	95 53
	96 52
	83 33
	24 23
	63 13
	37 0
	46 36
	76 8
	25 24
	30 0
	47 30
	14 12
	76 74
	65 19
	37 9
	45 37
	39 37
	50 41
	49 42
	89 3
	2 1
	67 65
	89 64
	95 64
	63 46
	20 18
	58 4
	60 4
	27 4
	26 24
	58 24
	38 20
	92 19
	91 89
	76 18
	78 77
	77 10
	90 88
	92 91
	37 35
	34 25
	25 23
	34 33
	38 36
	83 69
	68 66

ITERACION: 72
	INTERCAMBIO: (92, 26)
	RECORRIDO: 27 32 7 9 30 51 19 49 96 8 5 26 20 39 47 25 23 54 42 74 84 38 86 60 29 83 44 97 82 17 67 77 59 10 63 92 16 41 90 66 80 4 24 31 99 61 69 58 12 53 68 28 11 78 34 1 35 64 43 75 81 62 57 76 13 37 55 85 56 91 18 21 2 98 3 52 95 33 89 65 6 50 14 40 45 72 73 70 15 48 46 36 87 88 93 71 94 79 22 
	COSTE (km): 8043
	ITERACIONES SIN MEJORA: 4
	LISTA TABU:
	73 57
	48 32
	81 1
	27 17
	60 49
	34 19
	76 64
	90 12
	42 0
	83 3
	15 6
	98 5
	71 21
	17 9
	75 26
	93 28
	94 36
	53 5
	77 50
	66 13
	51 39
	76 55
	87 82
	68 21
	49 41
	95 53
	96 52
	83 33
	24 23
	63 13
	37 0
	46 36
	76 8
	25 24
	30 0
	47 30
	14 12
	76 74
	65 19
	37 9
	45 37
	39 37
	50 41
	49 42
	89 3
	2 1
	67 65
	89 64
	95 64
	63 46
	20 18
	58 4
	60 4
	27 4
	26 24
	58 24
	38 20
	92 19
	91 89
	76 18
	78 77
	77 10
	90 88
	92 91
	37 35
	34 25
	25 23
	34 33
	38 36
	83 69
	68 66
	92 26

ITERACION: 73
	INTERCAMBIO: (93, 27)
	RECORRIDO: 27 32 7 9 30 51 19 49 96 8 5 26 20 39 47 25 23 54 42 74 84 38 86 60 29 83 44 88 82 17 67 77 59 10 63 92 16 41 90 66 80 4 24 31 99 61 69 58 12 53 68 28 11 78 34 1 35 64 43 75 81 62 57 76 13 37 55 85 56 91 18 21 2 98 3 52 95 33 89 65 6 50 14 40 45 72 73 70 15 48 46 36 87 97 93 71 94 79 22 
	COSTE (km): 7913
	ITERACIONES SIN MEJORA: 0
	LISTA TABU:
	73 57
	48 32
	81 1
	27 17
	60 49
	34 19
	76 64
	90 12
	42 0
	83 3
	15 6
	98 5
	71 21
	17 9
	75 26
	93 28
	94 36
	53 5
	77 50
	66 13
	51 39
	76 55
	87 82
	68 21
	49 41
	95 53
	96 52
	83 33
	24 23
	63 13
	37 0
	46 36
	76 8
	25 24
	30 0
	47 30
	14 12
	76 74
	65 19
	37 9
	45 37
	39 37
	50 41
	49 42
	89 3
	2 1
	67 65
	89 64
	95 64
	63 46
	20 18
	58 4
	60 4
	27 4
	26 24
	58 24
	38 20
	92 19
	91 89
	76 18
	78 77
	77 10
	90 88
	92 91
	37 35
	34 25
	25 23
	34 33
	38 36
	83 69
	68 66
	92 26
	93 27

ITERACION: 74
	INTERCAMBIO: (90, 27)
	RECORRIDO: 27 32 7 9 30 51 19 49 96 8 5 26 20 39 47 25 23 54 42 74 84 38 86 60 29 83 44 46 82 17 67 77 59 10 63 92 16 41 90 66 80 4 24 31 99 61 69 58 12 53 68 28 11 78 34 1 35 64 43 75 81 62 57 76 13 37 55 85 56 91 18 21 2 98 3 52 95 33 89 65 6 50 14 40 45 72 73 70 15 48 88 36 87 97 93 71 94 79 22 
	COSTE (km): 7927
	ITERACIONES SIN MEJORA: 1
	LISTA TABU:
	73 57
	48 32
	81 1
	27 17
	60 49
	34 19
	76 64
	90 12
	42 0
	83 3
	15 6
	98 5
	71 21
	17 9
	75 26
	93 28
	94 36
	53 5
	77 50
	66 13
	51 39
	76 55
	87 82
	68 21
	49 41
	95 53
	96 52
	83 33
	24 23
	63 13
	37 0
	46 36
	76 8
	25 24
	30 0
	47 30
	14 12
	76 74
	65 19
	37 9
	45 37
	39 37
	50 41
	49 42
	89 3
	2 1
	67 65
	89 64
	95 64
	63 46
	20 18
	58 4
	60 4
	27 4
	26 24
	58 24
	38 20
	92 19
	91 89
	76 18
	78 77
	77 10
	90 88
	92 91
	37 35
	34 25
	25 23
	34 33
	38 36
	83 69
	68 66
	92 26
	93 27
	90 27

ITERACION: 75
	INTERCAMBIO: (30, 28)
	RECORRIDO: 27 32 7 9 30 51 19 49 96 8 5 26 20 39 47 25 23 54 42 74 84 38 86 60 29 83 44 46 67 17 82 77 59 10 63 92 16 41 90 66 80 4 24 31 99 61 69 58 12 53 68 28 11 78 34 1 35 64 43 75 81 62 57 76 13 37 55 85 56 91 18 21 2 98 3 52 95 33 89 65 6 50 14 40 45 72 73 70 15 48 88 36 87 97 93 71 94 79 22 
	COSTE (km): 7906
	ITERACIONES SIN MEJORA: 0
	LISTA TABU:
	73 57
	48 32
	81 1
	27 17
	60 49
	34 19
	76 64
	90 12
	42 0
	83 3
	15 6
	98 5
	71 21
	17 9
	75 26
	93 28
	94 36
	53 5
	77 50
	66 13
	51 39
	76 55
	87 82
	68 21
	49 41
	95 53
	96 52
	83 33
	24 23
	63 13
	37 0
	46 36
	76 8
	25 24
	30 0
	47 30
	14 12
	76 74
	65 19
	37 9
	45 37
	39 37
	50 41
	49 42
	89 3
	2 1
	67 65
	89 64
	95 64
	63 46
	20 18
	58 4
	60 4
	27 4
	26 24
	58 24
	38 20
	92 19
	91 89
	76 18
	78 77
	77 10
	90 88
	92 91
	37 35
	34 25
	25 23
	34 33
	38 36
	83 69
	68 66
	92 26
	93 27
	90 27
	30 28

ITERACION: 76
	INTERCAMBIO: (79, 31)
	RECORRIDO: 27 32 7 9 30 51 19 49 96 8 5 26 20 39 47 25 23 54 42 74 84 38 86 60 29 83 44 46 67 17 82 65 59 10 63 92 16 41 90 66 80 4 24 31 99 61 69 58 12 53 68 28 11 78 34 1 35 64 43 75 81 62 57 76 13 37 55 85 56 91 18 21 2 98 3 52 95 33 89 77 6 50 14 40 45 72 73 70 15 48 88 36 87 97 93 71 94 79 22 
	COSTE (km): 7872
	ITERACIONES SIN MEJORA: 0
	LISTA TABU:
	73 57
	48 32
	81 1
	27 17
	60 49
	34 19
	76 64
	90 12
	42 0
	83 3
	15 6
	98 5
	71 21
	17 9
	75 26
	93 28
	94 36
	53 5
	77 50
	66 13
	51 39
	76 55
	87 82
	68 21
	49 41
	95 53
	96 52
	83 33
	24 23
	63 13
	37 0
	46 36
	76 8
	25 24
	30 0
	47 30
	14 12
	76 74
	65 19
	37 9
	45 37
	39 37
	50 41
	49 42
	89 3
	2 1
	67 65
	89 64
	95 64
	63 46
	20 18
	58 4
	60 4
	27 4
	26 24
	58 24
	38 20
	92 19
	91 89
	76 18
	78 77
	77 10
	90 88
	92 91
	37 35
	34 25
	25 23
	34 33
	38 36
	83 69
	68 66
	92 26
	93 27
	90 27
	30 28
	79 31

ITERACION: 77
	INTERCAMBIO: (53, 31)
	RECORRIDO: 27 32 7 9 30 51 19 49 96 8 5 26 20 39 47 25 23 54 42 74 84 38 86 60 29 83 44 46 67 17 82 78 59 10 63 92 16 41 90 66 80 4 24 31 99 61 69 58 12 53 68 28 11 65 34 1 35 64 43 75 81 62 57 76 13 37 55 85 56 91 18 21 2 98 3 52 95 33 89 77 6 50 14 40 45 72 73 70 15 48 88 36 87 97 93 71 94 79 22 
	COSTE (km): 7719
	ITERACIONES SIN MEJORA: 0
	LISTA TABU:
	73 57
	48 32
	81 1
	27 17
	60 49
	34 19
	76 64
	90 12
	42 0
	83 3
	15 6
	98 5
	71 21
	17 9
	75 26
	93 28
	94 36
	53 5
	77 50
	66 13
	51 39
	76 55
	87 82
	68 21
	49 41
	95 53
	96 52
	83 33
	24 23
	63 13
	37 0
	46 36
	76 8
	25 24
	30 0
	47 30
	14 12
	76 74
	65 19
	37 9
	45 37
	39 37
	50 41
	49 42
	89 3
	2 1
	67 65
	89 64
	95 64
	63 46
	20 18
	58 4
	60 4
	27 4
	26 24
	58 24
	38 20
	92 19
	91 89
	76 18
	78 77
	77 10
	90 88
	92 91
	37 35
	34 25
	25 23
	34 33
	38 36
	83 69
	68 66
	92 26
	93 27
	90 27
	30 28
	79 31
	53 31

ITERACION: 78
	INTERCAMBIO: (56, 32)
	RECORRIDO: 27 32 7 9 30 51 19 49 96 8 5 26 20 39 47 25 23 54 42 74 84 38 86 60 29 83 44 46 67 17 82 78 35 10 63 92 16 41 90 66 80 4 24 31 99 61 69 58 12 53 68 28 11 65 34 1 59 64 43 75 81 62 57 76 13 37 55 85 56 91 18 21 2 98 3 52 95 33 89 77 6 50 14 40 45 72 73 70 15 48 88 36 87 97 93 71 94 79 22 
	COSTE (km): 7614
	ITERACIONES SIN MEJORA: 0
	LISTA TABU:
	73 57
	48 32
	81 1
	27 17
	60 49
	34 19
	76 64
	90 12
	42 0
	83 3
	15 6
	98 5
	71 21
	17 9
	75 26
	93 28
	94 36
	53 5
	77 50
	66 13
	51 39
	76 55
	87 82
	68 21
	49 41
	95 53
	96 52
	83 33
	24 23
	63 13
	37 0
	46 36
	76 8
	25 24
	30 0
	47 30
	14 12
	76 74
	65 19
	37 9
	45 37
	39 37
	50 41
	49 42
	89 3
	2 1
	67 65
	89 64
	95 64
	63 46
	20 18
	58 4
	60 4
	27 4
	26 24
	58 24
	38 20
	92 19
	91 89
	76 18
	78 77
	77 10
	90 88
	92 91
	37 35
	34 25
	25 23
	34 33
	38 36
	83 69
	68 66
	92 26
	93 27
	90 27
	30 28
	79 31
	53 31
	56 32

ITERACION: 79
	INTERCAMBIO: (55, 31)
	RECORRIDO: 27 32 7 9 30 51 19 49 96 8 5 26 20 39 47 25 23 54 42 74 84 38 86 60 29 83 44 46 67 17 82 1 35 10 63 92 16 41 90 66 80 4 24 31 99 61 69 58 12 53 68 28 11 65 34 78 59 64 43 75 81 62 57 76 13 37 55 85 56 91 18 21 2 98 3 52 95 33 89 77 6 50 14 40 45 72 73 70 15 48 88 36 87 97 93 71 94 79 22 
	COSTE (km): 7446
	ITERACIONES SIN MEJORA: 0
	LISTA TABU:
	73 57
	48 32
	81 1
	27 17
	60 49
	34 19
	76 64
	90 12
	42 0
	83 3
	15 6
	98 5
	71 21
	17 9
	75 26
	93 28
	94 36
	53 5
	77 50
	66 13
	51 39
	76 55
	87 82
	68 21
	49 41
	95 53
	96 52
	83 33
	24 23
	63 13
	37 0
	46 36
	76 8
	25 24
	30 0
	47 30
	14 12
	76 74
	65 19
	37 9
	45 37
	39 37
	50 41
	49 42
	89 3
	2 1
	67 65
	89 64
	95 64
	63 46
	20 18
	58 4
	60 4
	27 4
	26 24
	58 24
	38 20
	92 19
	91 89
	76 18
	78 77
	77 10
	90 88
	92 91
	37 35
	34 25
	25 23
	34 33
	38 36
	83 69
	68 66
	92 26
	93 27
	90 27
	30 28
	79 31
	53 31
	56 32
	55 31

ITERACION: 80
	INTERCAMBIO: (78, 9)
	RECORRIDO: 27 32 7 9 30 51 19 49 96 89 5 26 20 39 47 25 23 54 42 74 84 38 86 60 29 83 44 46 67 17 82 1 35 10 63 92 16 41 90 66 80 4 24 31 99 61 69 58 12 53 68 28 11 65 34 78 59 64 43 75 81 62 57 76 13 37 55 85 56 91 18 21 2 98 3 52 95 33 8 77 6 50 14 40 45 72 73 70 15 48 88 36 87 97 93 71 94 79 22 
	COSTE (km): 7451
	ITERACIONES SIN MEJORA: 1
	LISTA TABU:
	73 57
	48 32
	81 1
	27 17
	60 49
	34 19
	76 64
	90 12
	42 0
	83 3
	15 6
	98 5
	71 21
	17 9
	75 26
	93 28
	94 36
	53 5
	77 50
	66 13
	51 39
	76 55
	87 82
	68 21
	49 41
	95 53
	96 52
	83 33
	24 23
	63 13
	37 0
	46 36
	76 8
	25 24
	30 0
	47 30
	14 12
	76 74
	65 19
	37 9
	45 37
	39 37
	50 41
	49 42
	89 3
	2 1
	67 65
	89 64
	95 64
	63 46
	20 18
	58 4
	60 4
	27 4
	26 24
	58 24
	38 20
	92 19
	91 89
	76 18
	78 77
	77 10
	90 88
	92 91
	37 35
	34 25
	25 23
	34 33
	38 36
	83 69
	68 66
	92 26
	93 27
	90 27
	30 28
	79 31
	53 31
	56 32
	55 31
	78 9

ITERACION: 81
	INTERCAMBIO: (55, 53)
	RECORRIDO: 27 32 7 9 30 51 19 49 96 89 5 26 20 39 47 25 23 54 42 74 84 38 86 60 29 83 44 46 67 17 82 1 35 10 63 92 16 41 90 66 80 4 24 31 99 61 69 58 12 53 68 28 11 78 34 65 59 64 43 75 81 62 57 76 13 37 55 85 56 91 18 21 2 98 3 52 95 33 8 77 6 50 14 40 45 72 73 70 15 48 88 36 87 97 93 71 94 79 22 
	COSTE (km): 7533
	ITERACIONES SIN MEJORA: 2
	LISTA TABU:
	73 57
	48 32
	81 1
	27 17
	60 49
	34 19
	76 64
	90 12
	42 0
	83 3
	15 6
	98 5
	71 21
	17 9
	75 26
	93 28
	94 36
	53 5
	77 50
	66 13
	51 39
	76 55
	87 82
	68 21
	49 41
	95 53
	96 52
	83 33
	24 23
	63 13
	37 0
	46 36
	76 8
	25 24
	30 0
	47 30
	14 12
	76 74
	65 19
	37 9
	45 37
	39 37
	50 41
	49 42
	89 3
	2 1
	67 65
	89 64
	95 64
	63 46
	20 18
	58 4
	60 4
	27 4
	26 24
	58 24
	38 20
	92 19
	91 89
	76 18
	78 77
	77 10
	90 88
	92 91
	37 35
	34 25
	25 23
	34 33
	38 36
	83 69
	68 66
	92 26
	93 27
	90 27
	30 28
	79 31
	53 31
	56 32
	55 31
	78 9
	55 53

ITERACION: 82
	INTERCAMBIO: (96, 95)
	RECORRIDO: 27 32 7 9 30 51 19 49 96 89 5 26 20 39 47 25 23 54 42 74 84 38 86 60 29 83 44 46 67 17 82 1 35 10 63 92 16 41 90 66 80 4 24 31 99 61 69 58 12 53 68 28 11 78 34 65 59 64 43 75 81 62 57 76 13 37 55 85 56 91 18 21 2 98 3 52 95 33 8 77 6 50 14 40 45 72 73 70 15 48 88 36 87 97 93 94 71 79 22 
	COSTE (km): 7631
	ITERACIONES SIN MEJORA: 3
	LISTA TABU:
	73 57
	48 32
	81 1
	27 17
	60 49
	34 19
	76 64
	90 12
	42 0
	83 3
	15 6
	98 5
	71 21
	17 9
	75 26
	93 28
	94 36
	53 5
	77 50
	66 13
	51 39
	76 55
	87 82
	68 21
	49 41
	95 53
	96 52
	83 33
	24 23
	63 13
	37 0
	46 36
	76 8
	25 24
	30 0
	47 30
	14 12
	76 74
	65 19
	37 9
	45 37
	39 37
	50 41
	49 42
	89 3
	2 1
	67 65
	89 64
	95 64
	63 46
	20 18
	58 4
	60 4
	27 4
	26 24
	58 24
	38 20
	92 19
	91 89
	76 18
	78 77
	77 10
	90 88
	92 91
	37 35
	34 25
	25 23
	34 33
	38 36
	83 69
	68 66
	92 26
	93 27
	90 27
	30 28
	79 31
	53 31
	56 32
	55 31
	78 9
	55 53
	96 95

ITERACION: 83
	INTERCAMBIO: (96, 87)
	RECORRIDO: 27 32 7 9 30 51 19 49 96 89 5 26 20 39 47 25 23 54 42 74 84 38 86 60 29 83 44 46 67 17 82 1 35 10 63 92 16 41 90 66 80 4 24 31 99 61 69 58 12 53 68 28 11 78 34 65 59 64 43 75 81 62 57 76 13 37 55 85 56 91 18 21 2 98 3 52 95 33 8 77 6 50 14 40 45 72 73 71 15 48 88 36 87 97 93 94 70 79 22 
	COSTE (km): 7616
	ITERACIONES SIN MEJORA: 4
	LISTA TABU:
	73 57
	48 32
	81 1
	27 17
	60 49
	34 19
	76 64
	90 12
	42 0
	83 3
	15 6
	98 5
	71 21
	17 9
	75 26
	93 28
	94 36
	53 5
	77 50
	66 13
	51 39
	76 55
	87 82
	68 21
	49 41
	95 53
	96 52
	83 33
	24 23
	63 13
	37 0
	46 36
	76 8
	25 24
	30 0
	47 30
	14 12
	76 74
	65 19
	37 9
	45 37
	39 37
	50 41
	49 42
	89 3
	2 1
	67 65
	89 64
	95 64
	63 46
	20 18
	58 4
	60 4
	27 4
	26 24
	58 24
	38 20
	92 19
	91 89
	76 18
	78 77
	77 10
	90 88
	92 91
	37 35
	34 25
	25 23
	34 33
	38 36
	83 69
	68 66
	92 26
	93 27
	90 27
	30 28
	79 31
	53 31
	56 32
	55 31
	78 9
	55 53
	96 95
	96 87

ITERACION: 84
	INTERCAMBIO: (87, 53)
	RECORRIDO: 27 32 7 9 30 51 19 49 96 89 5 26 20 39 47 25 23 54 42 74 84 38 86 60 29 83 44 46 67 17 82 1 35 10 63 92 16 41 90 66 80 4 24 31 99 61 69 58 12 53 68 28 11 71 34 65 59 64 43 75 81 62 57 76 13 37 55 85 56 91 18 21 2 98 3 52 95 33 8 77 6 50 14 40 45 72 73 78 15 48 88 36 87 97 93 94 70 79 22 
	COSTE (km): 7579
	ITERACIONES SIN MEJORA: 5
	LISTA TABU:
	73 57
	48 32
	81 1
	27 17
	60 49
	34 19
	76 64
	90 12
	42 0
	83 3
	15 6
	98 5
	71 21
	17 9
	75 26
	93 28
	94 36
	53 5
	77 50
	66 13
	51 39
	76 55
	87 82
	68 21
	49 41
	95 53
	96 52
	83 33
	24 23
	63 13
	37 0
	46 36
	76 8
	25 24
	30 0
	47 30
	14 12
	76 74
	65 19
	37 9
	45 37
	39 37
	50 41
	49 42
	89 3
	2 1
	67 65
	89 64
	95 64
	63 46
	20 18
	58 4
	60 4
	27 4
	26 24
	58 24
	38 20
	92 19
	91 89
	76 18
	78 77
	77 10
	90 88
	92 91
	37 35
	34 25
	25 23
	34 33
	38 36
	83 69
	68 66
	92 26
	93 27
	90 27
	30 28
	79 31
	53 31
	56 32
	55 31
	78 9
	55 53
	96 95
	96 87
	87 53

ITERACION: 85
	INTERCAMBIO: (54, 47)
	RECORRIDO: 27 32 7 9 30 51 19 49 96 89 5 26 20 39 47 25 23 54 42 74 84 38 86 60 29 83 44 46 67 17 82 1 35 10 63 92 16 41 90 66 80 4 24 31 99 61 69 34 12 53 68 28 11 71 58 65 59 64 43 75 81 62 57 76 13 37 55 85 56 91 18 21 2 98 3 52 95 33 8 77 6 50 14 40 45 72 73 78 15 48 88 36 87 97 93 94 70 79 22 
	COSTE (km): 7537
	ITERACIONES SIN MEJORA: 6
	LISTA TABU:
	73 57
	48 32
	81 1
	27 17
	60 49
	34 19
	76 64
	90 12
	42 0
	83 3
	15 6
	98 5
	71 21
	17 9
	75 26
	93 28
	94 36
	53 5
	77 50
	66 13
	51 39
	76 55
	87 82
	68 21
	49 41
	95 53
	96 52
	83 33
	24 23
	63 13
	37 0
	46 36
	76 8
	25 24
	30 0
	47 30
	14 12
	76 74
	65 19
	37 9
	45 37
	39 37
	50 41
	49 42
	89 3
	2 1
	67 65
	89 64
	95 64
	63 46
	20 18
	58 4
	60 4
	27 4
	26 24
	58 24
	38 20
	92 19
	91 89
	76 18
	78 77
	77 10
	90 88
	92 91
	37 35
	34 25
	25 23
	34 33
	38 36
	83 69
	68 66
	92 26
	93 27
	90 27
	30 28
	79 31
	53 31
	56 32
	55 31
	78 9
	55 53
	96 95
	96 87
	87 53
	54 47

ITERACION: 86
	INTERCAMBIO: (86, 84)
	RECORRIDO: 27 32 7 9 30 51 19 49 96 89 5 26 20 39 47 25 23 54 42 74 84 38 86 60 29 83 44 46 67 17 82 1 35 10 63 92 16 41 90 66 80 4 24 31 99 61 69 34 12 53 68 28 11 71 58 65 59 64 43 75 81 62 57 76 13 37 55 85 56 91 18 21 2 98 3 52 95 33 8 77 6 50 14 40 73 72 45 78 15 48 88 36 87 97 93 94 70 79 22 
	COSTE (km): 7580
	ITERACIONES SIN MEJORA: 7
	LISTA TABU:
	73 57
	48 32
	81 1
	27 17
	60 49
	34 19
	76 64
	90 12
	42 0
	83 3
	15 6
	98 5
	71 21
	17 9
	75 26
	93 28
	94 36
	53 5
	77 50
	66 13
	51 39
	76 55
	87 82
	68 21
	49 41
	95 53
	96 52
	83 33
	24 23
	63 13
	37 0
	46 36
	76 8
	25 24
	30 0
	47 30
	14 12
	76 74
	65 19
	37 9
	45 37
	39 37
	50 41
	49 42
	89 3
	2 1
	67 65
	89 64
	95 64
	63 46
	20 18
	58 4
	60 4
	27 4
	26 24
	58 24
	38 20
	92 19
	91 89
	76 18
	78 77
	77 10
	90 88
	92 91
	37 35
	34 25
	25 23
	34 33
	38 36
	83 69
	68 66
	92 26
	93 27
	90 27
	30 28
	79 31
	53 31
	56 32
	55 31
	78 9
	55 53
	96 95
	96 87
	87 53
	54 47
	86 84

ITERACION: 87
	INTERCAMBIO: (97, 38)
	RECORRIDO: 27 32 7 9 30 51 19 49 96 89 5 26 20 39 47 25 23 54 42 74 84 38 86 60 29 83 44 46 67 17 82 1 35 10 63 92 16 41 79 66 80 4 24 31 99 61 69 34 12 53 68 28 11 71 58 65 59 64 43 75 81 62 57 76 13 37 55 85 56 91 18 21 2 98 3 52 95 33 8 77 6 50 14 40 73 72 45 78 15 48 88 36 87 97 93 94 70 90 22 
	COSTE (km): 7647
	ITERACIONES SIN MEJORA: 8
	LISTA TABU:
	73 57
	48 32
	81 1
	27 17
	60 49
	34 19
	76 64
	90 12
	42 0
	83 3
	15 6
	98 5
	71 21
	17 9
	75 26
	93 28
	94 36
	53 5
	77 50
	66 13
	51 39
	76 55
	87 82
	68 21
	49 41
	95 53
	96 52
	83 33
	24 23
	63 13
	37 0
	46 36
	76 8
	25 24
	30 0
	47 30
	14 12
	76 74
	65 19
	37 9
	45 37
	39 37
	50 41
	49 42
	89 3
	2 1
	67 65
	89 64
	95 64
	63 46
	20 18
	58 4
	60 4
	27 4
	26 24
	58 24
	38 20
	92 19
	91 89
	76 18
	78 77
	77 10
	90 88
	92 91
	37 35
	34 25
	25 23
	34 33
	38 36
	83 69
	68 66
	92 26
	93 27
	90 27
	30 28
	79 31
	53 31
	56 32
	55 31
	78 9
	55 53
	96 95
	96 87
	87 53
	54 47
	86 84
	97 38

ITERACION: 88
	INTERCAMBIO: (98, 37)
	RECORRIDO: 27 32 7 9 30 51 19 49 96 89 5 26 20 39 47 25 23 54 42 74 84 38 86 60 29 83 44 46 67 17 82 1 35 10 63 92 16 22 79 66 80 4 24 31 99 61 69 34 12 53 68 28 11 71 58 65 59 64 43 75 81 62 57 76 13 37 55 85 56 91 18 21 2 98 3 52 95 33 8 77 6 50 14 40 73 72 45 78 15 48 88 36 87 97 93 94 70 90 41 
	COSTE (km): 7430
	ITERACIONES SIN MEJORA: 0
	LISTA TABU:
	73 57
	48 32
	81 1
	27 17
	60 49
	34 19
	76 64
	90 12
	42 0
	83 3
	15 6
	98 5
	71 21
	17 9
	75 26
	93 28
	94 36
	53 5
	77 50
	66 13
	51 39
	76 55
	87 82
	68 21
	49 41
	95 53
	96 52
	83 33
	24 23
	63 13
	37 0
	46 36
	76 8
	25 24
	30 0
	47 30
	14 12
	76 74
	65 19
	37 9
	45 37
	39 37
	50 41
	49 42
	89 3
	2 1
	67 65
	89 64
	95 64
	63 46
	20 18
	58 4
	60 4
	27 4
	26 24
	58 24
	38 20
	92 19
	91 89
	76 18
	78 77
	77 10
	90 88
	92 91
	37 35
	34 25
	25 23
	34 33
	38 36
	83 69
	68 66
	92 26
	93 27
	90 27
	30 28
	79 31
	53 31
	56 32
	55 31
	78 9
	55 53
	96 95
	96 87
	87 53
	54 47
	86 84
	97 38
	98 37

ITERACION: 89
	INTERCAMBIO: (84, 73)
	RECORRIDO: 27 32 7 9 30 51 19 49 96 89 5 26 20 39 47 25 23 54 42 74 84 38 86 60 29 83 44 46 67 17 82 1 35 10 63 92 16 22 79 66 80 4 24 31 99 61 69 34 12 53 68 28 11 71 58 65 59 64 43 75 81 62 57 76 13 37 55 85 56 91 18 21 2 73 3 52 95 33 8 77 6 50 14 40 98 72 45 78 15 48 88 36 87 97 93 94 70 90 41 
	COSTE (km): 7520
	ITERACIONES SIN MEJORA: 1
	LISTA TABU:
	73 57
	48 32
	81 1
	27 17
	60 49
	34 19
	76 64
	90 12
	42 0
	83 3
	15 6
	98 5
	71 21
	17 9
	75 26
	93 28
	94 36
	53 5
	77 50
	66 13
	51 39
	76 55
	87 82
	68 21
	49 41
	95 53
	96 52
	83 33
	24 23
	63 13
	37 0
	46 36
	76 8
	25 24
	30 0
	47 30
	14 12
	76 74
	65 19
	37 9
	45 37
	39 37
	50 41
	49 42
	89 3
	2 1
	67 65
	89 64
	95 64
	63 46
	20 18
	58 4
	60 4
	27 4
	26 24
	58 24
	38 20
	92 19
	91 89
	76 18
	78 77
	77 10
	90 88
	92 91
	37 35
	34 25
	25 23
	34 33
	38 36
	83 69
	68 66
	92 26
	93 27
	90 27
	30 28
	79 31
	53 31
	56 32
	55 31
	78 9
	55 53
	96 95
	96 87
	87 53
	54 47
	86 84
	97 38
	98 37
	84 73

ITERACION: 90
	INTERCAMBIO: (86, 85)
	RECORRIDO: 27 32 7 9 30 51 19 49 96 89 5 26 20 39 47 25 23 54 42 74 84 38 86 60 29 83 44 46 67 17 82 1 35 10 63 92 16 22 79 66 80 4 24 31 99 61 69 34 12 53 68 28 11 71 58 65 59 64 43 75 81 62 57 76 13 37 55 85 56 91 18 21 2 73 3 52 95 33 8 77 6 50 14 40 98 45 72 78 15 48 88 36 87 97 93 94 70 90 41 
	COSTE (km): 7554
	ITERACIONES SIN MEJORA: 2
	LISTA TABU:
	73 57
	48 32
	81 1
	27 17
	60 49
	34 19
	76 64
	90 12
	42 0
	83 3
	15 6
	98 5
	71 21
	17 9
	75 26
	93 28
	94 36
	53 5
	77 50
	66 13
	51 39
	76 55
	87 82
	68 21
	49 41
	95 53
	96 52
	83 33
	24 23
	63 13
	37 0
	46 36
	76 8
	25 24
	30 0
	47 30
	14 12
	76 74
	65 19
	37 9
	45 37
	39 37
	50 41
	49 42
	89 3
	2 1
	67 65
	89 64
	95 64
	63 46
	20 18
	58 4
	60 4
	27 4
	26 24
	58 24
	38 20
	92 19
	91 89
	76 18
	78 77
	77 10
	90 88
	92 91
	37 35
	34 25
	25 23
	34 33
	38 36
	83 69
	68 66
	92 26
	93 27
	90 27
	30 28
	79 31
	53 31
	56 32
	55 31
	78 9
	55 53
	96 95
	96 87
	87 53
	54 47
	86 84
	97 38
	98 37
	84 73
	86 85

ITERACION: 91
	INTERCAMBIO: (84, 83)
	RECORRIDO: 27 32 7 9 30 51 19 49 96 89 5 26 20 39 47 25 23 54 42 74 84 38 86 60 29 83 44 46 67 17 82 1 35 10 63 92 16 22 79 66 80 4 24 31 99 61 69 34 12 53 68 28 11 71 58 65 59 64 43 75 81 62 57 76 13 37 55 85 56 91 18 21 2 73 3 52 95 33 8 77 6 50 14 98 40 45 72 78 15 48 88 36 87 97 93 94 70 90 41 
	COSTE (km): 7420
	ITERACIONES SIN MEJORA: 0
	LISTA TABU:
	73 57
	48 32
	81 1
	27 17
	60 49
	34 19
	76 64
	90 12
	42 0
	83 3
	15 6
	98 5
	71 21
	17 9
	75 26
	93 28
	94 36
	53 5
	77 50
	66 13
	51 39
	76 55
	87 82
	68 21
	49 41
	95 53
	96 52
	83 33
	24 23
	63 13
	37 0
	46 36
	76 8
	25 24
	30 0
	47 30
	14 12
	76 74
	65 19
	37 9
	45 37
	39 37
	50 41
	49 42
	89 3
	2 1
	67 65
	89 64
	95 64
	63 46
	20 18
	58 4
	60 4
	27 4
	26 24
	58 24
	38 20
	92 19
	91 89
	76 18
	78 77
	77 10
	90 88
	92 91
	37 35
	34 25
	25 23
	34 33
	38 36
	83 69
	68 66
	92 26
	93 27
	90 27
	30 28
	79 31
	53 31
	56 32
	55 31
	78 9
	55 53
	96 95
	96 87
	87 53
	54 47
	86 84
	97 38
	98 37
	84 73
	86 85
	84 83

ITERACION: 92
	INTERCAMBIO: (36, 16)
	RECORRIDO: 27 32 7 9 30 51 19 49 96 89 5 26 20 39 47 25 16 54 42 74 84 38 86 60 29 83 44 46 67 17 82 1 35 10 63 92 23 22 79 66 80 4 24 31 99 61 69 34 12 53 68 28 11 71 58 65 59 64 43 75 81 62 57 76 13 37 55 85 56 91 18 21 2 73 3 52 95 33 8 77 6 50 14 98 40 45 72 78 15 48 88 36 87 97 93 94 70 90 41 
	COSTE (km): 7518
	ITERACIONES SIN MEJORA: 1
	LISTA TABU:
	73 57
	48 32
	81 1
	27 17
	60 49
	34 19
	76 64
	90 12
	42 0
	83 3
	15 6
	98 5
	71 21
	17 9
	75 26
	93 28
	94 36
	53 5
	77 50
	66 13
	51 39
	76 55
	87 82
	68 21
	49 41
	95 53
	96 52
	83 33
	24 23
	63 13
	37 0
	46 36
	76 8
	25 24
	30 0
	47 30
	14 12
	76 74
	65 19
	37 9
	45 37
	39 37
	50 41
	49 42
	89 3
	2 1
	67 65
	89 64
	95 64
	63 46
	20 18
	58 4
	60 4
	27 4
	26 24
	58 24
	38 20
	92 19
	91 89
	76 18
	78 77
	77 10
	90 88
	92 91
	37 35
	34 25
	25 23
	34 33
	38 36
	83 69
	68 66
	92 26
	93 27
	90 27
	30 28
	79 31
	53 31
	56 32
	55 31
	78 9
	55 53
	96 95
	96 87
	87 53
	54 47
	86 84
	97 38
	98 37
	84 73
	86 85
	84 83
	36 16

ITERACION: 93
	INTERCAMBIO: (94, 35)
	RECORRIDO: 27 32 7 9 30 51 19 49 96 89 5 26 20 39 47 25 16 54 42 74 84 38 86 60 29 83 44 46 67 17 82 1 35 10 63 93 23 22 79 66 80 4 24 31 99 61 69 34 12 53 68 28 11 71 58 65 59 64 43 75 81 62 57 76 13 37 55 85 56 91 18 21 2 73 3 52 95 33 8 77 6 50 14 98 40 45 72 78 15 48 88 36 87 97 92 94 70 90 41 
	COSTE (km): 7587
	ITERACIONES SIN MEJORA: 2
	LISTA TABU:
	73 57
	48 32
	81 1
	27 17
	60 49
	34 19
	76 64
	90 12
	42 0
	83 3
	15 6
	98 5
	71 21
	17 9
	75 26
	93 28
	94 36
	53 5
	77 50
	66 13
	51 39
	76 55
	87 82
	68 21
	49 41
	95 53
	96 52
	83 33
	24 23
	63 13
	37 0
	46 36
	76 8
	25 24
	30 0
	47 30
	14 12
	76 74
	65 19
	37 9
	45 37
	39 37
	50 41
	49 42
	89 3
	2 1
	67 65
	89 64
	95 64
	63 46
	20 18
	58 4
	60 4
	27 4
	26 24
	58 24
	38 20
	92 19
	91 89
	76 18
	78 77
	77 10
	90 88
	92 91
	37 35
	34 25
	25 23
	34 33
	38 36
	83 69
	68 66
	92 26
	93 27
	90 27
	30 28
	79 31
	53 31
	56 32
	55 31
	78 9
	55 53
	96 95
	96 87
	87 53
	54 47
	86 84
	97 38
	98 37
	84 73
	86 85
	84 83
	36 16
	94 35

ITERACION: 94
	INTERCAMBIO: (57, 15)
	RECORRIDO: 27 32 7 9 30 51 19 49 96 89 5 26 20 39 47 64 16 54 42 74 84 38 86 60 29 83 44 46 67 17 82 1 35 10 63 93 23 22 79 66 80 4 24 31 99 61 69 34 12 53 68 28 11 71 58 65 59 25 43 75 81 62 57 76 13 37 55 85 56 91 18 21 2 73 3 52 95 33 8 77 6 50 14 98 40 45 72 78 15 48 88 36 87 97 92 94 70 90 41 
	COSTE (km): 7659
	ITERACIONES SIN MEJORA: 3
	LISTA TABU:
	73 57
	48 32
	81 1
	27 17
	60 49
	34 19
	76 64
	90 12
	42 0
	83 3
	15 6
	98 5
	71 21
	17 9
	75 26
	93 28
	94 36
	53 5
	77 50
	66 13
	51 39
	76 55
	87 82
	68 21
	49 41
	95 53
	96 52
	83 33
	24 23
	63 13
	37 0
	46 36
	76 8
	25 24
	30 0
	47 30
	14 12
	76 74
	65 19
	37 9
	45 37
	39 37
	50 41
	49 42
	89 3
	2 1
	67 65
	89 64
	95 64
	63 46
	20 18
	58 4
	60 4
	27 4
	26 24
	58 24
	38 20
	92 19
	91 89
	76 18
	78 77
	77 10
	90 88
	92 91
	37 35
	34 25
	25 23
	34 33
	38 36
	83 69
	68 66
	92 26
	93 27
	90 27
	30 28
	79 31
	53 31
	56 32
	55 31
	78 9
	55 53
	96 95
	96 87
	87 53
	54 47
	86 84
	97 38
	98 37
	84 73
	86 85
	84 83
	36 16
	94 35
	57 15

ITERACION: 95
	INTERCAMBIO: (59, 58)
	RECORRIDO: 27 32 7 9 30 51 19 49 96 89 5 26 20 39 47 64 16 54 42 74 84 38 86 60 29 83 44 46 67 17 82 1 35 10 63 93 23 22 79 66 80 4 24 31 99 61 69 34 12 53 68 28 11 71 58 65 59 25 75 43 81 62 57 76 13 37 55 85 56 91 18 21 2 73 3 52 95 33 8 77 6 50 14 98 40 45 72 78 15 48 88 36 87 97 92 94 70 90 41 
	COSTE (km): 7475
	ITERACIONES SIN MEJORA: 4
	LISTA TABU:
	73 57
	48 32
	81 1
	27 17
	60 49
	34 19
	76 64
	90 12
	42 0
	83 3
	15 6
	98 5
	71 21
	17 9
	75 26
	93 28
	94 36
	53 5
	77 50
	66 13
	51 39
	76 55
	87 82
	68 21
	49 41
	95 53
	96 52
	83 33
	24 23
	63 13
	37 0
	46 36
	76 8
	25 24
	30 0
	47 30
	14 12
	76 74
	65 19
	37 9
	45 37
	39 37
	50 41
	49 42
	89 3
	2 1
	67 65
	89 64
	95 64
	63 46
	20 18
	58 4
	60 4
	27 4
	26 24
	58 24
	38 20
	92 19
	91 89
	76 18
	78 77
	77 10
	90 88
	92 91
	37 35
	34 25
	25 23
	34 33
	38 36
	83 69
	68 66
	92 26
	93 27
	90 27
	30 28
	79 31
	53 31
	56 32
	55 31
	78 9
	55 53
	96 95
	96 87
	87 53
	54 47
	86 84
	97 38
	98 37
	84 73
	86 85
	84 83
	36 16
	94 35
	57 15
	59 58

ITERACION: 96
	INTERCAMBIO: (21, 20)
	RECORRIDO: 27 32 7 9 30 51 19 49 96 89 5 26 20 39 47 64 16 54 42 74 38 84 86 60 29 83 44 46 67 17 82 1 35 10 63 93 23 22 79 66 80 4 24 31 99 61 69 34 12 53 68 28 11 71 58 65 59 25 75 43 81 62 57 76 13 37 55 85 56 91 18 21 2 73 3 52 95 33 8 77 6 50 14 98 40 45 72 78 15 48 88 36 87 97 92 94 70 90 41 
	COSTE (km): 7577
	ITERACIONES SIN MEJORA: 5
	LISTA TABU:
	73 57
	48 32
	81 1
	27 17
	60 49
	34 19
	76 64
	90 12
	42 0
	83 3
	15 6
	98 5
	71 21
	17 9
	75 26
	93 28
	94 36
	53 5
	77 50
	66 13
	51 39
	76 55
	87 82
	68 21
	49 41
	95 53
	96 52
	83 33
	24 23
	63 13
	37 0
	46 36
	76 8
	25 24
	30 0
	47 30
	14 12
	76 74
	65 19
	37 9
	45 37
	39 37
	50 41
	49 42
	89 3
	2 1
	67 65
	89 64
	95 64
	63 46
	20 18
	58 4
	60 4
	27 4
	26 24
	58 24
	38 20
	92 19
	91 89
	76 18
	78 77
	77 10
	90 88
	92 91
	37 35
	34 25
	25 23
	34 33
	38 36
	83 69
	68 66
	92 26
	93 27
	90 27
	30 28
	79 31
	53 31
	56 32
	55 31
	78 9
	55 53
	96 95
	96 87
	87 53
	54 47
	86 84
	97 38
	98 37
	84 73
	86 85
	84 83
	36 16
	94 35
	57 15
	59 58
	21 20

ITERACION: 97
	INTERCAMBIO: (60, 59)
	RECORRIDO: 27 32 7 9 30 51 19 49 96 89 5 26 20 39 47 64 16 54 42 74 38 84 86 60 29 83 44 46 67 17 82 1 35 10 63 93 23 22 79 66 80 4 24 31 99 61 69 34 12 53 68 28 11 71 58 65 59 25 75 81 43 62 57 76 13 37 55 85 56 91 18 21 2 73 3 52 95 33 8 77 6 50 14 98 40 45 72 78 15 48 88 36 87 97 92 94 70 90 41 
	COSTE (km): 7685
	ITERACIONES SIN MEJORA: 6
	LISTA TABU:
	73 57
	48 32
	81 1
	27 17
	60 49
	34 19
	76 64
	90 12
	42 0
	83 3
	15 6
	98 5
	71 21
	17 9
	75 26
	93 28
	94 36
	53 5
	77 50
	66 13
	51 39
	76 55
	87 82
	68 21
	49 41
	95 53
	96 52
	83 33
	24 23
	63 13
	37 0
	46 36
	76 8
	25 24
	30 0
	47 30
	14 12
	76 74
	65 19
	37 9
	45 37
	39 37
	50 41
	49 42
	89 3
	2 1
	67 65
	89 64
	95 64
	63 46
	20 18
	58 4
	60 4
	27 4
	26 24
	58 24
	38 20
	92 19
	91 89
	76 18
	78 77
	77 10
	90 88
	92 91
	37 35
	34 25
	25 23
	34 33
	38 36
	83 69
	68 66
	92 26
	93 27
	90 27
	30 28
	79 31
	53 31
	56 32
	55 31
	78 9
	55 53
	96 95
	96 87
	87 53
	54 47
	86 84
	97 38
	98 37
	84 73
	86 85
	84 83
	36 16
	94 35
	57 15
	59 58
	21 20
	60 59

ITERACION: 98
	INTERCAMBIO: (71, 60)
	RECORRIDO: 27 32 7 9 30 51 19 49 96 89 5 26 20 39 47 64 16 54 42 74 38 84 86 60 29 83 44 46 67 17 82 1 35 10 63 93 23 22 79 66 80 4 24 31 99 61 69 34 12 53 68 28 11 71 58 65 59 25 75 81 21 62 57 76 13 37 55 85 56 91 18 43 2 73 3 52 95 33 8 77 6 50 14 98 40 45 72 78 15 48 88 36 87 97 92 94 70 90 41 
	COSTE (km): 7697
	ITERACIONES SIN MEJORA: 7
	LISTA TABU:
	73 57
	48 32
	81 1
	27 17
	60 49
	34 19
	76 64
	90 12
	42 0
	83 3
	15 6
	98 5
	71 21
	17 9
	75 26
	93 28
	94 36
	53 5
	77 50
	66 13
	51 39
	76 55
	87 82
	68 21
	49 41
	95 53
	96 52
	83 33
	24 23
	63 13
	37 0
	46 36
	76 8
	25 24
	30 0
	47 30
	14 12
	76 74
	65 19
	37 9
	45 37
	39 37
	50 41
	49 42
	89 3
	2 1
	67 65
	89 64
	95 64
	63 46
	20 18
	58 4
	60 4
	27 4
	26 24
	58 24
	38 20
	92 19
	91 89
	76 18
	78 77
	77 10
	90 88
	92 91
	37 35
	34 25
	25 23
	34 33
	38 36
	83 69
	68 66
	92 26
	93 27
	90 27
	30 28
	79 31
	53 31
	56 32
	55 31
	78 9
	55 53
	96 95
	96 87
	87 53
	54 47
	86 84
	97 38
	98 37
	84 73
	86 85
	84 83
	36 16
	94 35
	57 15
	59 58
	21 20
	60 59
	71 60

ITERACION: 99
	INTERCAMBIO: (74, 61)
	RECORRIDO: 27 32 7 9 30 51 19 49 96 89 5 26 20 39 47 64 16 54 42 74 38 84 86 60 29 83 44 46 67 17 82 1 35 10 63 93 23 22 79 66 80 4 24 31 99 61 69 34 12 53 68 28 11 71 58 65 59 25 75 81 21 3 57 76 13 37 55 85 56 91 18 43 2 73 62 52 95 33 8 77 6 50 14 98 40 45 72 78 15 48 88 36 87 97 92 94 70 90 41 
	COSTE (km): 7796
	ITERACIONES SIN MEJORA: 8
	LISTA TABU:
	73 57
	48 32
	81 1
	27 17
	60 49
	34 19
	76 64
	90 12
	42 0
	83 3
	15 6
	98 5
	71 21
	17 9
	75 26
	93 28
	94 36
	53 5
	77 50
	66 13
	51 39
	76 55
	87 82
	68 21
	49 41
	95 53
	96 52
	83 33
	24 23
	63 13
	37 0
	46 36
	76 8
	25 24
	30 0
	47 30
	14 12
	76 74
	65 19
	37 9
	45 37
	39 37
	50 41
	49 42
	89 3
	2 1
	67 65
	89 64
	95 64
	63 46
	20 18
	58 4
	60 4
	27 4
	26 24
	58 24
	38 20
	92 19
	91 89
	76 18
	78 77
	77 10
	90 88
	92 91
	37 35
	34 25
	25 23
	34 33
	38 36
	83 69
	68 66
	92 26
	93 27
	90 27
	30 28
	79 31
	53 31
	56 32
	55 31
	78 9
	55 53
	96 95
	96 87
	87 53
	54 47
	86 84
	97 38
	98 37
	84 73
	86 85
	84 83
	36 16
	94 35
	57 15
	59 58
	21 20
	60 59
	71 60
	74 61

ITERACION: 100
	INTERCAMBIO: (73, 71)
	RECORRIDO: 27 32 7 9 30 51 19 49 96 89 5 26 20 39 47 64 16 54 42 74 38 84 86 60 29 83 44 46 67 17 82 1 35 10 63 93 23 22 79 66 80 4 24 31 99 61 69 34 12 53 68 28 11 71 58 65 59 25 75 81 21 3 57 76 13 37 55 85 56 91 18 73 2 43 62 52 95 33 8 77 6 50 14 98 40 45 72 78 15 48 88 36 87 97 92 94 70 90 41 
	COSTE (km): 7861
	ITERACIONES SIN MEJORA: 9
	LISTA TABU:
	73 57
	48 32
	81 1
	27 17
	60 49
	34 19
	76 64
	90 12
	42 0
	83 3
	15 6
	98 5
	71 21
	17 9
	75 26
	93 28
	94 36
	53 5
	77 50
	66 13
	51 39
	76 55
	87 82
	68 21
	49 41
	95 53
	96 52
	83 33
	24 23
	63 13
	37 0
	46 36
	76 8
	25 24
	30 0
	47 30
	14 12
	76 74
	65 19
	37 9
	45 37
	39 37
	50 41
	49 42
	89 3
	2 1
	67 65
	89 64
	95 64
	63 46
	20 18
	58 4
	60 4
	27 4
	26 24
	58 24
	38 20
	92 19
	91 89
	76 18
	78 77
	77 10
	90 88
	92 91
	37 35
	34 25
	25 23
	34 33
	38 36
	83 69
	68 66
	92 26
	93 27
	90 27
	30 28
	79 31
	53 31
	56 32
	55 31
	78 9
	55 53
	96 95
	96 87
	87 53
	54 47
	86 84
	97 38
	98 37
	84 73
	86 85
	84 83
	36 16
	94 35
	57 15
	59 58
	21 20
	60 59
	71 60
	74 61
	73 71

ITERACION: 101
	INTERCAMBIO: (83, 71)
	RECORRIDO: 27 32 7 9 30 51 19 49 96 89 5 26 20 39 47 64 16 54 42 74 38 84 86 60 29 83 44 46 67 17 82 1 35 10 63 93 23 22 79 66 80 4 24 31 99 61 69 34 12 53 68 28 11 71 58 65 59 25 75 81 21 3 57 76 13 37 55 85 56 91 18 98 2 43 62 52 95 33 8 77 6 50 14 73 40 45 72 78 15 48 88 36 87 97 92 94 70 90 41 
	COSTE (km): 7872
	ITERACIONES SIN MEJORA: 10
	LISTA TABU:
	48 32
	81 1
	27 17
	60 49
	34 19
	76 64
	90 12
	42 0
	83 3
	15 6
	98 5
	71 21
	17 9
	75 26
	93 28
	94 36
	53 5
	77 50
	66 13
	51 39
	76 55
	87 82
	68 21
	49 41
	95 53
	96 52
	83 33
	24 23
	63 13
	37 0
	46 36
	76 8
	25 24
	30 0
	47 30
	14 12
	76 74
	65 19
	37 9
	45 37
	39 37
	50 41
	49 42
	89 3
	2 1
	67 65
	89 64
	95 64
	63 46
	20 18
	58 4
	60 4
	27 4
	26 24
	58 24
	38 20
	92 19
	91 89
	76 18
	78 77
	77 10
	90 88
	92 91
	37 35
	34 25
	25 23
	34 33
	38 36
	83 69
	68 66
	92 26
	93 27
	90 27
	30 28
	79 31
	53 31
	56 32
	55 31
	78 9
	55 53
	96 95
	96 87
	87 53
	54 47
	86 84
	97 38
	98 37
	84 73
	86 85
	84 83
	36 16
	94 35
	57 15
	59 58
	21 20
	60 59
	71 60
	74 61
	73 71
	83 71

ITERACION: 102
	INTERCAMBIO: (83, 12)
	RECORRIDO: 27 32 7 9 30 51 19 49 96 89 5 26 73 39 47 64 16 54 42 74 38 84 86 60 29 83 44 46 67 17 82 1 35 10 63 93 23 22 79 66 80 4 24 31 99 61 69 34 12 53 68 28 11 71 58 65 59 25 75 81 21 3 57 76 13 37 55 85 56 91 18 98 2 43 62 52 95 33 8 77 6 50 14 20 40 45 72 78 15 48 88 36 87 97 92 94 70 90 41 
	COSTE (km): 7491
	ITERACIONES SIN MEJORA: 11
	LISTA TABU:
	81 1
	27 17
	60 49
	34 19
	76 64
	90 12
	42 0
	83 3
	15 6
	98 5
	71 21
	17 9
	75 26
	93 28
	94 36
	53 5
	77 50
	66 13
	51 39
	76 55
	87 82
	68 21
	49 41
	95 53
	96 52
	83 33
	24 23
	63 13
	37 0
	46 36
	76 8
	25 24
	30 0
	47 30
	14 12
	76 74
	65 19
	37 9
	45 37
	39 37
	50 41
	49 42
	89 3
	2 1
	67 65
	89 64
	95 64
	63 46
	20 18
	58 4
	60 4
	27 4
	26 24
	58 24
	38 20
	92 19
	91 89
	76 18
	78 77
	77 10
	90 88
	92 91
	37 35
	34 25
	25 23
	34 33
	38 36
	83 69
	68 66
	92 26
	93 27
	90 27
	30 28
	79 31
	53 31
	56 32
	55 31
	78 9
	55 53
	96 95
	96 87
	87 53
	54 47
	86 84
	97 38
	98 37
	84 73
	86 85
	84 83
	36 16
	94 35
	57 15
	59 58
	21 20
	60 59
	71 60
	74 61
	73 71
	83 71
	83 12

ITERACION: 103
	INTERCAMBIO: (82, 3)
	RECORRIDO: 27 32 7 14 30 51 19 49 96 89 5 26 73 39 47 64 16 54 42 74 38 84 86 60 29 83 44 46 67 17 82 1 35 10 63 93 23 22 79 66 80 4 24 31 99 61 69 34 12 53 68 28 11 71 58 65 59 25 75 81 21 3 57 76 13 37 55 85 56 91 18 98 2 43 62 52 95 33 8 77 6 50 9 20 40 45 72 78 15 48 88 36 87 97 92 94 70 90 41 
	COSTE (km): 7539
	ITERACIONES SIN MEJORA: 12
	LISTA TABU:
	27 17
	60 49
	34 19
	76 64
	90 12
	42 0
	83 3
	15 6
	98 5
	71 21
	17 9
	75 26
	93 28
	94 36
	53 5
	77 50
	66 13
	51 39
	76 55
	87 82
	68 21
	49 41
	95 53
	96 52
	83 33
	24 23
	63 13
	37 0
	46 36
	76 8
	25 24
	30 0
	47 30
	14 12
	76 74
	65 19
	37 9
	45 37
	39 37
	50 41
	49 42
	89 3
	2 1
	67 65
	89 64
	95 64
	63 46
	20 18
	58 4
	60 4
	27 4
	26 24
	58 24
	38 20
	92 19
	91 89
	76 18
	78 77
	77 10
	90 88
	92 91
	37 35
	34 25
	25 23
	34 33
	38 36
	83 69
	68 66
	92 26
	93 27
	90 27
	30 28
	79 31
	53 31
	56 32
	55 31
	78 9
	55 53
	96 95
	96 87
	87 53
	54 47
	86 84
	97 38
	98 37
	84 73
	86 85
	84 83
	36 16
	94 35
	57 15
	59 58
	21 20
	60 59
	71 60
	74 61
	73 71
	83 71
	83 12
	82 3

ITERACION: 104
	INTERCAMBIO: (64, 63)
	RECORRIDO: 27 32 7 14 30 51 19 49 96 89 5 26 73 39 47 64 16 54 42 74 38 84 86 60 29 83 44 46 67 17 82 1 35 10 63 93 23 22 79 66 80 4 24 31 99 61 69 34 12 53 68 28 11 71 58 65 59 25 75 81 21 3 57 13 76 37 55 85 56 91 18 98 2 43 62 52 95 33 8 77 6 50 9 20 40 45 72 78 15 48 88 36 87 97 92 94 70 90 41 
	COSTE (km): 7668
	ITERACIONES SIN MEJORA: 13
	LISTA TABU:
	60 49
	34 19
	76 64
	90 12
	42 0
	83 3
	15 6
	98 5
	71 21
	17 9
	75 26
	93 28
	94 36
	53 5
	77 50
	66 13
	51 39
	76 55
	87 82
	68 21
	49 41
	95 53
	96 52
	83 33
	24 23
	63 13
	37 0
	46 36
	76 8
	25 24
	30 0
	47 30
	14 12
	76 74
	65 19
	37 9
	45 37
	39 37
	50 41
	49 42
	89 3
	2 1
	67 65
	89 64
	95 64
	63 46
	20 18
	58 4
	60 4
	27 4
	26 24
	58 24
	38 20
	92 19
	91 89
	76 18
	78 77
	77 10
	90 88
	92 91
	37 35
	34 25
	25 23
	34 33
	38 36
	83 69
	68 66
	92 26
	93 27
	90 27
	30 28
	79 31
	53 31
	56 32
	55 31
	78 9
	55 53
	96 95
	96 87
	87 53
	54 47
	86 84
	97 38
	98 37
	84 73
	86 85
	84 83
	36 16
	94 35
	57 15
	59 58
	21 20
	60 59
	71 60
	74 61
	73 71
	83 71
	83 12
	82 3
	64 63

ITERACION: 105
	INTERCAMBIO: (64, 46)
	RECORRIDO: 27 32 7 14 30 51 19 49 96 89 5 26 73 39 47 64 16 54 42 74 38 84 86 60 29 83 44 46 67 17 82 1 35 10 63 93 23 22 79 66 80 4 24 31 99 61 76 34 12 53 68 28 11 71 58 65 59 25 75 81 21 3 57 13 69 37 55 85 56 91 18 98 2 43 62 52 95 33 8 77 6 50 9 20 40 45 72 78 15 48 88 36 87 97 92 94 70 90 41 
	COSTE (km): 7602
	ITERACIONES SIN MEJORA: 14
	LISTA TABU:
	34 19
	76 64
	90 12
	42 0
	83 3
	15 6
	98 5
	71 21
	17 9
	75 26
	93 28
	94 36
	53 5
	77 50
	66 13
	51 39
	76 55
	87 82
	68 21
	49 41
	95 53
	96 52
	83 33
	24 23
	63 13
	37 0
	46 36
	76 8
	25 24
	30 0
	47 30
	14 12
	76 74
	65 19
	37 9
	45 37
	39 37
	50 41
	49 42
	89 3
	2 1
	67 65
	89 64
	95 64
	63 46
	20 18
	58 4
	60 4
	27 4
	26 24
	58 24
	38 20
	92 19
	91 89
	76 18
	78 77
	77 10
	90 88
	92 91
	37 35
	34 25
	25 23
	34 33
	38 36
	83 69
	68 66
	92 26
	93 27
	90 27
	30 28
	79 31
	53 31
	56 32
	55 31
	78 9
	55 53
	96 95
	96 87
	87 53
	54 47
	86 84
	97 38
	98 37
	84 73
	86 85
	84 83
	36 16
	94 35
	57 15
	59 58
	21 20
	60 59
	71 60
	74 61
	73 71
	83 71
	83 12
	82 3
	64 63
	64 46

ITERACION: 106
	INTERCAMBIO: (65, 64)
	RECORRIDO: 27 32 7 14 30 51 19 49 96 89 5 26 73 39 47 64 16 54 42 74 38 84 86 60 29 83 44 46 67 17 82 1 35 10 63 93 23 22 79 66 80 4 24 31 99 61 76 34 12 53 68 28 11 71 58 65 59 25 75 81 21 3 57 13 37 69 55 85 56 91 18 98 2 43 62 52 95 33 8 77 6 50 9 20 40 45 72 78 15 48 88 36 87 97 92 94 70 90 41 
	COSTE (km): 7494
	ITERACIONES SIN MEJORA: 15
	LISTA TABU:
	76 64
	90 12
	42 0
	83 3
	15 6
	98 5
	71 21
	17 9
	75 26
	93 28
	94 36
	53 5
	77 50
	66 13
	51 39
	76 55
	87 82
	68 21
	49 41
	95 53
	96 52
	83 33
	24 23
	63 13
	37 0
	46 36
	76 8
	25 24
	30 0
	47 30
	14 12
	76 74
	65 19
	37 9
	45 37
	39 37
	50 41
	49 42
	89 3
	2 1
	67 65
	89 64
	95 64
	63 46
	20 18
	58 4
	60 4
	27 4
	26 24
	58 24
	38 20
	92 19
	91 89
	76 18
	78 77
	77 10
	90 88
	92 91
	37 35
	34 25
	25 23
	34 33
	38 36
	83 69
	68 66
	92 26
	93 27
	90 27
	30 28
	79 31
	53 31
	56 32
	55 31
	78 9
	55 53
	96 95
	96 87
	87 53
	54 47
	86 84
	97 38
	98 37
	84 73
	86 85
	84 83
	36 16
	94 35
	57 15
	59 58
	21 20
	60 59
	71 60
	74 61
	73 71
	83 71
	83 12
	82 3
	64 63
	64 46
	65 64

ITERACION: 107
	INTERCAMBIO: (62, 46)
	RECORRIDO: 27 32 7 14 30 51 19 49 96 89 5 26 73 39 47 64 16 54 42 74 38 84 86 60 29 83 44 46 67 17 82 1 35 10 63 93 23 22 79 66 80 4 24 31 99 61 57 34 12 53 68 28 11 71 58 65 59 25 75 81 21 3 76 13 37 69 55 85 56 91 18 98 2 43 62 52 95 33 8 77 6 50 9 20 40 45 72 78 15 48 88 36 87 97 92 94 70 90 41 
	COSTE (km): 7611
	ITERACIONES SIN MEJORA: 16
	LISTA TABU:
	90 12
	42 0
	83 3
	15 6
	98 5
	71 21
	17 9
	75 26
	93 28
	94 36
	53 5
	77 50
	66 13
	51 39
	76 55
	87 82
	68 21
	49 41
	95 53
	96 52
	83 33
	24 23
	63 13
	37 0
	46 36
	76 8
	25 24
	30 0
	47 30
	14 12
	76 74
	65 19
	37 9
	45 37
	39 37
	50 41
	49 42
	89 3
	2 1
	67 65
	89 64
	95 64
	63 46
	20 18
	58 4
	60 4
	27 4
	26 24
	58 24
	38 20
	92 19
	91 89
	76 18
	78 77
	77 10
	90 88
	92 91
	37 35
	34 25
	25 23
	34 33
	38 36
	83 69
	68 66
	92 26
	93 27
	90 27
	30 28
	79 31
	53 31
	56 32
	55 31
	78 9
	55 53
	96 95
	96 87
	87 53
	54 47
	86 84
	97 38
	98 37
	84 73
	86 85
	84 83
	36 16
	94 35
	57 15
	59 58
	21 20
	60 59
	71 60
	74 61
	73 71
	83 71
	83 12
	82 3
	64 63
	64 46
	65 64
	62 46

ITERACION: 108
	INTERCAMBIO: (47, 46)
	RECORRIDO: 27 32 7 14 30 51 19 49 96 89 5 26 73 39 47 64 16 54 42 74 38 84 86 60 29 83 44 46 67 17 82 1 35 10 63 93 23 22 79 66 80 4 24 31 99 61 34 57 12 53 68 28 11 71 58 65 59 25 75 81 21 3 76 13 37 69 55 85 56 91 18 98 2 43 62 52 95 33 8 77 6 50 9 20 40 45 72 78 15 48 88 36 87 97 92 94 70 90 41 
	COSTE (km): 7687
	ITERACIONES SIN MEJORA: 17
	LISTA TABU:
	42 0
	83 3
	15 6
	98 5
	71 21
	17 9
	75 26
	93 28
	94 36
	53 5
	77 50
	66 13
	51 39
	76 55
	87 82
	68 21
	49 41
	95 53
	96 52
	83 33
	24 23
	63 13
	37 0
	46 36
	76 8
	25 24
	30 0
	47 30
	14 12
	76 74
	65 19
	37 9
	45 37
	39 37
	50 41
	49 42
	89 3
	2 1
	67 65
	89 64
	95 64
	63 46
	20 18
	58 4
	60 4
	27 4
	26 24
	58 24
	38 20
	92 19
	91 89
	76 18
	78 77
	77 10
	90 88
	92 91
	37 35
	34 25
	25 23
	34 33
	38 36
	83 69
	68 66
	92 26
	93 27
	90 27
	30 28
	79 31
	53 31
	56 32
	55 31
	78 9
	55 53
	96 95
	96 87
	87 53
	54 47
	86 84
	97 38
	98 37
	84 73
	86 85
	84 83
	36 16
	94 35
	57 15
	59 58
	21 20
	60 59
	71 60
	74 61
	73 71
	83 71
	83 12
	82 3
	64 63
	64 46
	65 64
	62 46
	47 46

ITERACION: 109
	INTERCAMBIO: (61, 46)
	RECORRIDO: 27 32 7 14 30 51 19 49 96 89 5 26 73 39 47 64 16 54 42 74 38 84 86 60 29 83 44 46 67 17 82 1 35 10 63 93 23 22 79 66 80 4 24 31 99 61 3 57 12 53 68 28 11 71 58 65 59 25 75 81 21 34 76 13 37 69 55 85 56 91 18 98 2 43 62 52 95 33 8 77 6 50 9 20 40 45 72 78 15 48 88 36 87 97 92 94 70 90 41 
	COSTE (km): 7530
	ITERACIONES SIN MEJORA: 18
	LISTA TABU:
	83 3
	15 6
	98 5
	71 21
	17 9
	75 26
	93 28
	94 36
	53 5
	77 50
	66 13
	51 39
	76 55
	87 82
	68 21
	49 41
	95 53
	96 52
	83 33
	24 23
	63 13
	37 0
	46 36
	76 8
	25 24
	30 0
	47 30
	14 12
	76 74
	65 19
	37 9
	45 37
	39 37
	50 41
	49 42
	89 3
	2 1
	67 65
	89 64
	95 64
	63 46
	20 18
	58 4
	60 4
	27 4
	26 24
	58 24
	38 20
	92 19
	91 89
	76 18
	78 77
	77 10
	90 88
	92 91
	37 35
	34 25
	25 23
	34 33
	38 36
	83 69
	68 66
	92 26
	93 27
	90 27
	30 28
	79 31
	53 31
	56 32
	55 31
	78 9
	55 53
	96 95
	96 87
	87 53
	54 47
	86 84
	97 38
	98 37
	84 73
	86 85
	84 83
	36 16
	94 35
	57 15
	59 58
	21 20
	60 59
	71 60
	74 61
	73 71
	83 71
	83 12
	82 3
	64 63
	64 46
	65 64
	62 46
	47 46
	61 46

ITERACION: 110
	INTERCAMBIO: (48, 46)
	RECORRIDO: 27 32 7 14 30 51 19 49 96 89 5 26 73 39 47 64 16 54 42 74 38 84 86 60 29 83 44 46 67 17 82 1 35 10 63 93 23 22 79 66 80 4 24 31 99 61 12 57 3 53 68 28 11 71 58 65 59 25 75 81 21 34 76 13 37 69 55 85 56 91 18 98 2 43 62 52 95 33 8 77 6 50 9 20 40 45 72 78 15 48 88 36 87 97 92 94 70 90 41 
	COSTE (km): 7378
	ITERACIONES SIN MEJORA: 0
	LISTA TABU:
	15 6
	98 5
	71 21
	17 9
	75 26
	93 28
	94 36
	53 5
	77 50
	66 13
	51 39
	76 55
	87 82
	68 21
	49 41
	95 53
	96 52
	83 33
	24 23
	63 13
	37 0
	46 36
	76 8
	25 24
	30 0
	47 30
	14 12
	76 74
	65 19
	37 9
	45 37
	39 37
	50 41
	49 42
	89 3
	2 1
	67 65
	89 64
	95 64
	63 46
	20 18
	58 4
	60 4
	27 4
	26 24
	58 24
	38 20
	92 19
	91 89
	76 18
	78 77
	77 10
	90 88
	92 91
	37 35
	34 25
	25 23
	34 33
	38 36
	83 69
	68 66
	92 26
	93 27
	90 27
	30 28
	79 31
	53 31
	56 32
	55 31
	78 9
	55 53
	96 95
	96 87
	87 53
	54 47
	86 84
	97 38
	98 37
	84 73
	86 85
	84 83
	36 16
	94 35
	57 15
	59 58
	21 20
	60 59
	71 60
	74 61
	73 71
	83 71
	83 12
	82 3
	64 63
	64 46
	65 64
	62 46
	47 46
	61 46
	48 46

ITERACION: 111
	INTERCAMBIO: (61, 59)
	RECORRIDO: 27 32 7 14 30 51 19 49 96 89 5 26 73 39 47 64 16 54 42 74 38 84 86 60 29 83 44 46 67 17 82 1 35 10 63 93 23 22 79 66 80 4 24 31 99 61 12 57 3 53 68 28 11 71 58 65 59 25 75 34 21 81 76 13 37 69 55 85 56 91 18 98 2 43 62 52 95 33 8 77 6 50 9 20 40 45 72 78 15 48 88 36 87 97 92 94 70 90 41 
	COSTE (km): 7451
	ITERACIONES SIN MEJORA: 1
	LISTA TABU:
	98 5
	71 21
	17 9
	75 26
	93 28
	94 36
	53 5
	77 50
	66 13
	51 39
	76 55
	87 82
	68 21
	49 41
	95 53
	96 52
	83 33
	24 23
	63 13
	37 0
	46 36
	76 8
	25 24
	30 0
	47 30
	14 12
	76 74
	65 19
	37 9
	45 37
	39 37
	50 41
	49 42
	89 3
	2 1
	67 65
	89 64
	95 64
	63 46
	20 18
	58 4
	60 4
	27 4
	26 24
	58 24
	38 20
	92 19
	91 89
	76 18
	78 77
	77 10
	90 88
	92 91
	37 35
	34 25
	25 23
	34 33
	38 36
	83 69
	68 66
	92 26
	93 27
	90 27
	30 28
	79 31
	53 31
	56 32
	55 31
	78 9
	55 53
	96 95
	96 87
	87 53
	54 47
	86 84
	97 38
	98 37
	84 73
	86 85
	84 83
	36 16
	94 35
	57 15
	59 58
	21 20
	60 59
	71 60
	74 61
	73 71
	83 71
	83 12
	82 3
	64 63
	64 46
	65 64
	62 46
	47 46
	61 46
	48 46
	61 59

ITERACION: 112
	INTERCAMBIO: (59, 46)
	RECORRIDO: 27 32 7 14 30 51 19 49 96 89 5 26 73 39 47 64 16 54 42 74 38 84 86 60 29 83 44 46 67 17 82 1 35 10 63 93 23 22 79 66 80 4 24 31 99 61 34 57 3 53 68 28 11 71 58 65 59 25 75 12 21 81 76 13 37 69 55 85 56 91 18 98 2 43 62 52 95 33 8 77 6 50 9 20 40 45 72 78 15 48 88 36 87 97 92 94 70 90 41 
	COSTE (km): 7549
	ITERACIONES SIN MEJORA: 2
	LISTA TABU:
	71 21
	17 9
	75 26
	93 28
	94 36
	53 5
	77 50
	66 13
	51 39
	76 55
	87 82
	68 21
	49 41
	95 53
	96 52
	83 33
	24 23
	63 13
	37 0
	46 36
	76 8
	25 24
	30 0
	47 30
	14 12
	76 74
	65 19
	37 9
	45 37
	39 37
	50 41
	49 42
	89 3
	2 1
	67 65
	89 64
	95 64
	63 46
	20 18
	58 4
	60 4
	27 4
	26 24
	58 24
	38 20
	92 19
	91 89
	76 18
	78 77
	77 10
	90 88
	92 91
	37 35
	34 25
	25 23
	34 33
	38 36
	83 69
	68 66
	92 26
	93 27
	90 27
	30 28
	79 31
	53 31
	56 32
	55 31
	78 9
	55 53
	96 95
	96 87
	87 53
	54 47
	86 84
	97 38
	98 37
	84 73
	86 85
	84 83
	36 16
	94 35
	57 15
	59 58
	21 20
	60 59
	71 60
	74 61
	73 71
	83 71
	83 12
	82 3
	64 63
	64 46
	65 64
	62 46
	47 46
	61 46
	48 46
	61 59
	59 46

ITERACION: 113
	INTERCAMBIO: (93, 59)
	RECORRIDO: 27 32 7 14 30 51 19 49 96 89 5 26 73 39 47 64 16 54 42 74 38 84 86 60 29 83 44 46 67 17 82 1 35 10 63 93 23 22 79 66 80 4 24 31 99 61 34 57 3 53 68 28 11 71 58 65 59 25 75 97 21 81 76 13 37 69 55 85 56 91 18 98 2 43 62 52 95 33 8 77 6 50 9 20 40 45 72 78 15 48 88 36 87 12 92 94 70 90 41 
	COSTE (km): 7560
	ITERACIONES SIN MEJORA: 3
	LISTA TABU:
	17 9
	75 26
	93 28
	94 36
	53 5
	77 50
	66 13
	51 39
	76 55
	87 82
	68 21
	49 41
	95 53
	96 52
	83 33
	24 23
	63 13
	37 0
	46 36
	76 8
	25 24
	30 0
	47 30
	14 12
	76 74
	65 19
	37 9
	45 37
	39 37
	50 41
	49 42
	89 3
	2 1
	67 65
	89 64
	95 64
	63 46
	20 18
	58 4
	60 4
	27 4
	26 24
	58 24
	38 20
	92 19
	91 89
	76 18
	78 77
	77 10
	90 88
	92 91
	37 35
	34 25
	25 23
	34 33
	38 36
	83 69
	68 66
	92 26
	93 27
	90 27
	30 28
	79 31
	53 31
	56 32
	55 31
	78 9
	55 53
	96 95
	96 87
	87 53
	54 47
	86 84
	97 38
	98 37
	84 73
	86 85
	84 83
	36 16
	94 35
	57 15
	59 58
	21 20
	60 59
	71 60
	74 61
	73 71
	83 71
	83 12
	82 3
	64 63
	64 46
	65 64
	62 46
	47 46
	61 46
	48 46
	61 59
	59 46
	93 59

ITERACION: 114
	INTERCAMBIO: (92, 53)
	RECORRIDO: 27 32 7 14 30 51 19 49 96 89 5 26 73 39 47 64 16 54 42 74 38 84 86 60 29 83 44 46 67 17 82 1 35 10 63 93 23 22 79 66 80 4 24 31 99 61 34 57 3 53 68 28 11 87 58 65 59 25 75 97 21 81 76 13 37 69 55 85 56 91 18 98 2 43 62 52 95 33 8 77 6 50 9 20 40 45 72 78 15 48 88 36 71 12 92 94 70 90 41 
	COSTE (km): 7654
	ITERACIONES SIN MEJORA: 4
	LISTA TABU:
	75 26
	93 28
	94 36
	53 5
	77 50
	66 13
	51 39
	76 55
	87 82
	68 21
	49 41
	95 53
	96 52
	83 33
	24 23
	63 13
	37 0
	46 36
	76 8
	25 24
	30 0
	47 30
	14 12
	76 74
	65 19
	37 9
	45 37
	39 37
	50 41
	49 42
	89 3
	2 1
	67 65
	89 64
	95 64
	63 46
	20 18
	58 4
	60 4
	27 4
	26 24
	58 24
	38 20
	92 19
	91 89
	76 18
	78 77
	77 10
	90 88
	92 91
	37 35
	34 25
	25 23
	34 33
	38 36
	83 69
	68 66
	92 26
	93 27
	90 27
	30 28
	79 31
	53 31
	56 32
	55 31
	78 9
	55 53
	96 95
	96 87
	87 53
	54 47
	86 84
	97 38
	98 37
	84 73
	86 85
	84 83
	36 16
	94 35
	57 15
	59 58
	21 20
	60 59
	71 60
	74 61
	73 71
	83 71
	83 12
	82 3
	64 63
	64 46
	65 64
	62 46
	47 46
	61 46
	48 46
	61 59
	59 46
	93 59
	92 53

ITERACION: 115
